averageError: 5.8301529258138505E-5
maxError: 0.09536103683806393
percentOfTop: 0.7209302325581395
euclideanDistance: 0.908183690226761
inversionPercent: 0.21803049626948864