averageError: 2.5236745188183055E-5
maxError: 0.002385278908480702
percentOfTop: 0.6060606060606061
euclideanDistance: 0.3119120177382882
inversionPercent: 0.07415225907573048