averageError: 0.0032011635201783365
maxError: 2.7720893381510314
percentOfTop: 0.5073156166019708
euclideanDistance: 0.9415197978865215
inversionPercent: -5.796212873471779