averageError: 4.146126625931655E-5
maxError: 0.0023541565475464475
percentOfTop: 0.9166666666666666
euclideanDistance: 0.1718838359895781
inversionPercent: 0.02238812899687471