averageError: 3.699956568697831E-5
maxError: 0.013841759882485608
percentOfTop: 0.6498708010335917
euclideanDistance: 0.39604467872038174
inversionPercent: 0.08978408311679831