averageError: 1.7063925486093837E-5
maxError: 0.007090876661534108
percentOfTop: 0.6641509433962264
euclideanDistance: 0.12139047850220272
inversionPercent: 0.03463846403580315