averageError: 4.9308791318717736E-5
maxError: 0.04294047657875561
percentOfTop: 0.7377260981912145
euclideanDistance: 0.8965004398604619
inversionPercent: 0.18120174732383235