averageError: 8.687516513971163E-6
maxError: 0.0023087357512005385
percentOfTop: 0.909433962264151
euclideanDistance: 0.0495258818995184
inversionPercent: 0.014016755477589037