averageError: 0.0025313815237693062
maxError: 1.1146068692412037
percentOfTop: 0.5443415945058226
euclideanDistance: 0.6385315432555744
inversionPercent: -8.101743239015319