averageError: 2.733134762808031E-5
maxError: 0.008291983620899807
percentOfTop: 0.772609819121447
euclideanDistance: 0.21438429946967122
inversionPercent: 0.06906123310837606