averageError: 3.290459457150939E-5
maxError: 0.0018366598071505916
percentOfTop: 0.9305555555555556
euclideanDistance: 0.1333661825079542
inversionPercent: 0.01838466053594399