averageError: 0.0016459509103262631
maxError: 0.3434856326146156
percentOfTop: 0.648253209913407
euclideanDistance: 0.2583755702078229
inversionPercent: -8.22997750419353