averageError: 0.0022501209423212024
maxError: 0.8483994096065053
percentOfTop: 0.5571812481337712
euclideanDistance: 0.4751490402078218
inversionPercent: -8.679979715541894