averageError: 1.5308158027941955E-5
maxError: 0.0011243996911913523
percentOfTop: 0.7575757575757576
euclideanDistance: 0.13397566959770593
inversionPercent: 0.045973351817557524