averageError: 0.0013593194660790394
maxError: 0.18578027383950912
percentOfTop: 0.8139743206927441
euclideanDistance: 0.1920543569817127
inversionPercent: -7.728000295680242