averageError: 4.443995085013171E-5
maxError: 0.005253208284788254
percentOfTop: 0.8333333333333334
euclideanDistance: 0.2084864837515618
inversionPercent: 0.024700357257797963