averageError: 8.815137969486999E-6
maxError: 0.002896388303584241
percentOfTop: 0.8943396226415095
euclideanDistance: 0.05027094460943429
inversionPercent: 0.013993222848108748