averageError: 3.154699752171608E-5
maxError: 0.009785311066590245
percentOfTop: 0.5839793281653747
euclideanDistance: 0.272326665116543
inversionPercent: 0.0746040681125333