averageError: 3.221228036066381E-5
maxError: 0.002685431585038884
percentOfTop: 0.9166666666666666
euclideanDistance: 0.1346625121622684
inversionPercent: 0.018167456961825