averageError: 2.4390913173425066E-5
maxError: 0.002515602880070876
percentOfTop: 0.6818181818181818
euclideanDistance: 0.27335382774545797
inversionPercent: 0.0752936377028186