averageError: 0.0019452289127369047
maxError: 0.40233294387168006
percentOfTop: 0.5936100328456255
euclideanDistance: 0.3668521554006439
inversionPercent: -8.66909625459259