averageError: 4.998035691508562E-5
maxError: 0.07081170556465413
percentOfTop: 0.6808785529715762
euclideanDistance: 0.7763925879091786
inversionPercent: 0.17812904809057378