averageError: 3.630167605950936E-5
maxError: 0.008957465712425845
percentOfTop: 0.6550387596899225
euclideanDistance: 0.3959453167000675
inversionPercent: 0.08895804026673193