averageError: 5.548223436283371E-5
maxError: 0.004444640313692735
percentOfTop: 0.7361111111111112
euclideanDistance: 0.26511615228994434
inversionPercent: 0.031548137539609424