averageError: 4.335501430870215E-5
maxError: 0.004939729428874566
percentOfTop: 0.5303030303030303
euclideanDistance: 0.5625021316994409
inversionPercent: 0.1183412463826837