averageError: 8.903783356965202E-5
maxError: 0.012568835772347658
percentOfTop: 0.625
euclideanDistance: 0.670578553928414
inversionPercent: 0.07400904573662417