averageError: 5.815008218493551E-5
maxError: 0.0046705599813543375
percentOfTop: 0.7638888888888888
euclideanDistance: 0.29651894867400386
inversionPercent: 0.0319149772671191