averageError: 1.3755633310353698E-5
maxError: 0.003142106587282284
percentOfTop: 0.7735849056603774
euclideanDistance: 0.08558468700868826
inversionPercent: 0.02302599168510905