averageError: 3.4209624036940934E-5
maxError: 0.002433583985741134
percentOfTop: 0.9444444444444444
euclideanDistance: 0.1452455302887985
inversionPercent: 0.017800656747426858