averageError: 3.206818318731684E-5
maxError: 0.029549187647803565
percentOfTop: 0.8981132075471698
euclideanDistance: 0.4887011183393696
inversionPercent: 0.09722860985064684