averageError: 3.3846443323354305E-5
maxError: 0.002561516211761995
percentOfTop: 0.45454545454545453
euclideanDistance: 0.4513354967219368
inversionPercent: 0.09368191388367686