averageError: 3.1946377509127E-5
maxError: 0.021898073531740336
percentOfTop: 0.5878552971576227
euclideanDistance: 0.3072820149654721
inversionPercent: 0.07614837085234534