averageError: 0.0016379274033740045
maxError: 0.2218878725910125
percentOfTop: 0.6587040907733652
euclideanDistance: 0.26263223666975727
inversionPercent: -8.250035315804805