averageError: 1.8846961627938542E-5
maxError: 0.005530936264682554
percentOfTop: 0.6566037735849056
euclideanDistance: 0.1447392896680802
inversionPercent: 0.03370123076907712