averageError: 7.760934418419384E-5
maxError: 0.006774463682174919
percentOfTop: 0.5138888888888888
euclideanDistance: 0.4816681474715276
inversionPercent: 0.058499833353452095