averageError: 1.526382051232245E-5
maxError: 5.698982174186062E-4
percentOfTop: 0.7575757575757576
euclideanDistance: 0.137368500175216
inversionPercent: 0.04598788518693731