averageError: 0.0022664891959711013
maxError: 0.5920006200823006
percentOfTop: 0.5512093162137952
euclideanDistance: 0.5026426062960831
inversionPercent: -8.582724351426403