averageError: 1.0284448801194571E-4
maxError: 0.02222257390737187
percentOfTop: 0.6111111111111112
euclideanDistance: 0.764812343550958
inversionPercent: 0.08429478282704854