averageError: 1.4991762383997166E-5
maxError: 8.775715207346366E-4
percentOfTop: 0.8484848484848485
euclideanDistance: 0.13568109717925103
inversionPercent: 0.04571110318409923