averageError: 2.3966555001800032E-5
maxError: 0.011065877571322255
percentOfTop: 0.8113207547169812
euclideanDistance: 0.22958709742639102
inversionPercent: 0.06365236995935863