averageError: 3.731920402794826E-5
maxError: 0.0077134968810976395
percentOfTop: 0.6515151515151515
euclideanDistance: 0.5976663014270942
inversionPercent: 0.11452688490511029