averageError: 7.044358174464221E-5
maxError: 0.006888737251036026
percentOfTop: 0.6388888888888888
euclideanDistance: 0.3638147272821745
inversionPercent: 0.04594185527097993