averageError: 1.1002159846845854E-5
maxError: 0.0034412644985442054
percentOfTop: 0.8415094339622642
euclideanDistance: 0.06427539555485798
inversionPercent: 0.017781108737255566