averageError: 3.183608531968005E-5
maxError: 0.0026720996670892504
percentOfTop: 0.6363636363636364
euclideanDistance: 0.43442784489297603
inversionPercent: 0.09101966906407091