averageError: 2.2636417216438177E-5
maxError: 0.005102370151722838
percentOfTop: 0.8540051679586563
euclideanDistance: 0.14887091358560467
inversionPercent: 0.06670715126180463