averageError: 5.041920827852234E-5
maxError: 0.07001962205810329
percentOfTop: 0.727390180878553
euclideanDistance: 0.8667623225029153
inversionPercent: 0.18289636213858704