averageError: 2.4602795018375747E-5
maxError: 0.01111217537743113
percentOfTop: 0.8113207547169812
euclideanDistance: 0.2608655437807066
inversionPercent: 0.058546485610661676