averageError: 9.276143515055298E-5
maxError: 0.010511658557373063
percentOfTop: 0.5555555555555556
euclideanDistance: 0.6186765300463193
inversionPercent: 0.07832936983897024