averageError: 0.0028889627776863304
maxError: 1.2103748065273456
percentOfTop: 0.5180650940579278
euclideanDistance: 0.8222154932760248
inversionPercent: -7.167145871212063