averageError: 5.573745884961038E-5
maxError: 0.0034005419468220964
percentOfTop: 0.8472222222222222
euclideanDistance: 0.26957068326628103
inversionPercent: 0.03051735899894322