averageError: 0.0025110443514399197
maxError: 0.8435113695090398
percentOfTop: 0.5449387876978202
euclideanDistance: 0.6087619936457123
inversionPercent: -8.368338067228915