averageError: 6.69225169218836E-5
maxError: 0.019992187334738006
percentOfTop: 0.3787878787878788
euclideanDistance: 1.020629509866833
inversionPercent: 0.15838938053179266