averageError: 4.5367466856448216E-5
maxError: 0.03377640866935816
percentOfTop: 0.7118863049095607
euclideanDistance: 0.6128352947347913
inversionPercent: 0.14255281335461598