averageError: 0.0032804174522402013
maxError: 4.847018428904523
percentOfTop: 0.5234398327859062
euclideanDistance: 1.012360210035729
inversionPercent: -3.117439814504638