averageError: 2.706783002748353E-5
maxError: 0.004972595573683857
percentOfTop: 0.7855297157622739
euclideanDistance: 0.20593959353285005
inversionPercent: 0.06926832090618723