averageError: 5.3411224928963077E-5
maxError: 0.009932121457053772
percentOfTop: 0.42424242424242425
euclideanDistance: 0.8938913321324232
inversionPercent: 0.14266172920898526