averageError: 0.0013654457017632745
maxError: 0.26442678148299636
percentOfTop: 0.8115855479247537
euclideanDistance: 0.1930606231306809
inversionPercent: -7.5804252434763555