averageError: 9.541584303066464E-5
maxError: 0.010700715271102968
percentOfTop: 0.4444444444444444
euclideanDistance: 0.6687950037311926
inversionPercent: 0.07458656937484923