averageError: 2.228685477620653E-5
maxError: 0.005838866884044652
percentOfTop: 0.8669250645994832
euclideanDistance: 0.14564009861295005
inversionPercent: 0.06761189078958044