averageError: 2.7261411855444753E-5
maxError: 0.004737849728967278
percentOfTop: 0.7764857881136951
euclideanDistance: 0.2052829881499698
inversionPercent: 0.07016121213301246