averageError: 4.8831910910450775E-5
maxError: 0.009905645158632136
percentOfTop: 0.5
euclideanDistance: 0.5654877228914864
inversionPercent: 0.14053161861791266