averageError: 2.331717098492608E-5
maxError: 9.692030154297322E-4
percentOfTop: 0.9305555555555556
euclideanDistance: 0.09219735864617905
inversionPercent: 0.0139808452289202