averageError: 1.8459340905378593E-5
maxError: 0.0013537379375182582
percentOfTop: 0.696969696969697
euclideanDistance: 0.16529882336691706
inversionPercent: 0.058652790909109