averageError: 0.002843411746345804
maxError: 1.9433114477221762
percentOfTop: 0.5341893102418632
euclideanDistance: 0.7943496725296584
inversionPercent: -7.324627565700497