averageError: 3.666331039007252E-5
maxError: 0.012492992305124666
percentOfTop: 0.6408268733850129
euclideanDistance: 0.3970512792293488
inversionPercent: 0.08763284882285823