averageError: 7.566392589937125E-5
maxError: 0.010064317231637025
percentOfTop: 0.5833333333333334
euclideanDistance: 0.4868078822305821
inversionPercent: 0.05787114023578659