averageError: 2.0596528992332927E-5
maxError: 0.00960113812729408
percentOfTop: 0.7509433962264151
euclideanDistance: 0.17449940554938784
inversionPercent: 0.04733237299545876