averageError: 1.1067775140166039E-5
maxError: 0.002550058710314884
percentOfTop: 0.8377358490566038
euclideanDistance: 0.06338756037329867
inversionPercent: 0.018347164495776603