averageError: 1.0877793260152675E-5
maxError: 5.687548079343222E-4
percentOfTop: 0.8484848484848485
euclideanDistance: 0.09602568600825778
inversionPercent: 0.034513975200054836