averageError: 1.133289624742833E-4
maxError: 0.019792989677880013
percentOfTop: 0.5694444444444444
euclideanDistance: 0.8187706729508609
inversionPercent: 0.0965450327968704