averageError: 6.573151782616343E-5
maxError: 0.005243452148936768
percentOfTop: 0.3787878787878788
euclideanDistance: 0.6250057151357108
inversionPercent: 0.16191191750637374