averageError: 4.1674479346483657E-5
maxError: 0.018531957827144604
percentOfTop: 0.6666666666666666
euclideanDistance: 0.5208858590620626
inversionPercent: 0.11182542209332424