averageError: 2.9136057067472164E-5
maxError: 0.03485272277457309
percentOfTop: 0.909433962264151
euclideanDistance: 0.3967155008333631
inversionPercent: 0.10827628482642616