averageError: 7.156509840559828E-5
maxError: 0.004952743189762101
percentOfTop: 0.6666666666666666
euclideanDistance: 0.3689036692942944
inversionPercent: 0.04458651603214866