averageError: 0.0019634074215195757
maxError: 0.4037694150984179
percentOfTop: 0.5870409077336518
euclideanDistance: 0.3616302737405055
inversionPercent: -8.69484686396408