averageError: 4.427297752377362E-5
maxError: 0.0020579113147230974
percentOfTop: 0.9166666666666666
euclideanDistance: 0.18796697142049215
inversionPercent: 0.023769151758205046