averageError: 0.0013462000847797152
maxError: 0.12284227972991368
percentOfTop: 0.8154673036727381
euclideanDistance: 0.1850653473984226
inversionPercent: -7.73683777528996