averageError: 6.342018147802606E-5
maxError: 0.019850621679806748
percentOfTop: 0.42424242424242425
euclideanDistance: 1.0381127268355534
inversionPercent: 0.15498482304303668