averageError: 0.003423405735804073
maxError: 4.918883923432188
percentOfTop: 0.5270229919378919
euclideanDistance: 1.1209778040693823
inversionPercent: -2.164468925660549