averageError: 0.0026334144913978674
maxError: 2.0538360968460543
percentOfTop: 0.5183636906539265
euclideanDistance: 0.6330428271326956
inversionPercent: -7.9190734349006755