averageError: 0.00318746900720282
maxError: 2.854505746403917
percentOfTop: 0.5243356225739026
euclideanDistance: 0.982687892481831
inversionPercent: -5.585535823724894