averageError: 5.888654333244147E-5
maxError: 0.07630623577725432
percentOfTop: 0.6989664082687338
euclideanDistance: 1.094072363363382
inversionPercent: 0.2225916032406326