averageError: 4.698013575161428E-5
maxError: 0.038842661981993064
percentOfTop: 0.7209302325581395
euclideanDistance: 0.6947747703996834
inversionPercent: 0.1421825791049108