averageError: 0.001988193606769687
maxError: 0.5845494053254838
percentOfTop: 0.5795759928336817
euclideanDistance: 0.3654405629298889
inversionPercent: -8.582123308881851