averageError: 1.8659494526896543E-5
maxError: 0.001515348870990852
percentOfTop: 0.6212121212121212
euclideanDistance: 0.19790547812645212
inversionPercent: 0.05645459564810751