averageError: 4.140946480781448E-5
maxError: 0.004169191436234518
percentOfTop: 0.45454545454545453
euclideanDistance: 0.4058707636197816
inversionPercent: 0.12058489313645894