averageError: 2.2657730361545453E-5
maxError: 0.0010250709420784984
percentOfTop: 0.9722222222222222
euclideanDistance: 0.08965143038236287
inversionPercent: 0.013598397822353397