averageError: 2.0630490065549733E-5
maxError: 0.0013113061842165638
percentOfTop: 0.6212121212121212
euclideanDistance: 0.22159502379686952
inversionPercent: 0.05951808180259695