averageError: 0.0032141090709624067
maxError: 2.42111117367844
percentOfTop: 0.5294117647058824
euclideanDistance: 0.9480649608010984
inversionPercent: -5.81924842145199