averageError: 1.091455041993624E-5
maxError: 0.0015157308515405706
percentOfTop: 0.8787878787878788
euclideanDistance: 0.09603459788167555
inversionPercent: 0.034563916300566926