averageError: 4.816677708251831E-5
maxError: 0.037400726687413545
percentOfTop: 0.6989664082687338
euclideanDistance: 0.7116921906037857
inversionPercent: 0.14356350574247573