averageError: 2.971074495135318E-5
maxError: 0.0024439968837034437
percentOfTop: 0.5909090909090909
euclideanDistance: 0.3222875849451859
inversionPercent: 0.08921646671481193