averageError: 3.133299074051512E-5
maxError: 0.009991436883594697
percentOfTop: 0.603359173126615
euclideanDistance: 0.2903096241170398
inversionPercent: 0.07536134133572164