averageError: 5.040380261101993E-5
maxError: 0.007759957462596181
percentOfTop: 0.42424242424242425
euclideanDistance: 0.5742564650014373
inversionPercent: 0.14931125483101462