averageError: 1.0519408853871217E-4
maxError: 0.02096096634173525
percentOfTop: 0.6388888888888888
euclideanDistance: 0.8024165997506092
inversionPercent: 0.1025503540276011