averageError: 2.4422381361770618E-5
maxError: 0.0016174531797060673
percentOfTop: 0.6363636363636364
euclideanDistance: 0.25290432774559807
inversionPercent: 0.0756578976296306