averageError: 0.0035445330382676593
maxError: 4.8402471357926595
percentOfTop: 0.5249328157659002
euclideanDistance: 1.0760693972692672
inversionPercent: -3.163295684058244