averageError: 2.3386347556925744E-5
maxError: 0.0011891855152031975
percentOfTop: 0.9444444444444444
euclideanDistance: 0.09353764790940654
inversionPercent: 0.014109065275857825