averageError: 4.146162978528752E-5
maxError: 0.02072426227952292
percentOfTop: 0.6963824289405685
euclideanDistance: 0.5365674001957249
inversionPercent: 0.1109589820888729