averageError: 5.233955071098257E-5
maxError: 0.07188997042192007
percentOfTop: 0.7351421188630491
euclideanDistance: 0.9587287751400823
inversionPercent: 0.21594592450124844