averageError: 0.00163691352561541
maxError: 0.3172577634399518
percentOfTop: 0.6601970737533592
euclideanDistance: 0.2620472371042868
inversionPercent: -8.130012827545599