averageError: 1.09093862427677E-5
maxError: 4.791391742850616E-4
percentOfTop: 0.8787878787878788
euclideanDistance: 0.09112157047779681
inversionPercent: 0.034621494362695786