averageError: 0.002244103649907232
maxError: 0.9165741933161575
percentOfTop: 0.5532994923857868
euclideanDistance: 0.4781736945040779
inversionPercent: -8.671635339662785