averageError: 4.0501073356183463E-5
maxError: 0.017734591988046545
percentOfTop: 0.7054263565891473
euclideanDistance: 0.5302234601806652
inversionPercent: 0.11452471458746336