averageError: 0.00294080268551989
maxError: 2.3368675311125364
percentOfTop: 0.5079128097939684
euclideanDistance: 0.8138122107592988
inversionPercent: -7.27987952668994