averageError: 6.758822873216627E-5
maxError: 0.004483240654725861
percentOfTop: 0.6805555555555556
euclideanDistance: 0.3465370825664274
inversionPercent: 0.04184130309500276