averageError: 2.2603336684351307E-5
maxError: 0.003876577791477445
percentOfTop: 0.8591731266149871
euclideanDistance: 0.14666583331948319
inversionPercent: 0.06764406077925299