averageError: 7.766129048058045E-5
maxError: 0.008242837378077138
percentOfTop: 0.5555555555555556
euclideanDistance: 0.4801965762548491
inversionPercent: 0.05569120187228928