averageError: 1.6939689811666462E-5
maxError: 0.015489754853027254
percentOfTop: 0.8423772609819121
euclideanDistance: 0.2830182632675412
inversionPercent: 0.3269238906247246