averageError: 6.855843179836868E-6
maxError: 0.0010884570565649395
percentOfTop: 0.9444444444444444
euclideanDistance: 0.041818716904346936
inversionPercent: 0.07348877659701625