averageError: 2.42366092637395E-4
maxError: 0.3992380392944628
percentOfTop: 0.954016124216184
euclideanDistance: 0.06514870946450697
inversionPercent: 4.665803193532055