averageError: 1.7917550167899636E-5
maxError: 0.08208598793148136
percentOfTop: 0.8488372093023255
euclideanDistance: 0.493554227643121
inversionPercent: 0.2194241306211813