averageError: 1.9740128716543037E-5
maxError: 7.304757356596486E-4
percentOfTop: 0.7575757575757576
euclideanDistance: 0.14032675215456084
inversionPercent: 0.07147474033289099