averageError: 1.2893885378764898E-5
maxError: 3.88747683135314E-4
percentOfTop: 0.8181818181818182
euclideanDistance: 0.08419491176579665
inversionPercent: 0.050747702512666824