averageError: 1.59627569518163E-5
maxError: 0.005239575660558878
percentOfTop: 0.9583333333333334
euclideanDistance: 0.12305735157729147
inversionPercent: 0.036805040924717446