averageError: 1.750416025155297E-5
maxError: 0.003186663198516985
percentOfTop: 0.9166666666666666
euclideanDistance: 0.1269371950143584
inversionPercent: 0.04720777633840293