averageError: 4.055223100379891E-5
maxError: 0.002489146117315554
percentOfTop: 0.5606060606060606
euclideanDistance: 0.2902946283324305
inversionPercent: 0.1279545148120259