averageError: 1.1567586118032866E-6
maxError: 0.001386135672780335
percentOfTop: 0.9886792452830189
euclideanDistance: 0.01723701105636745
inversionPercent: 0.013628317283592083