averageError: 4.055181881884756E-5
maxError: 0.0065642310033113705
percentOfTop: 0.5909090909090909
euclideanDistance: 0.4597401834778024
inversionPercent: 0.13157716541071046