averageError: 1.0194699083084006E-5
maxError: 0.0020318865387431474
percentOfTop: 0.9444444444444444
euclideanDistance: 0.07597286881136142
inversionPercent: 0.04351365602769553