averageError: 1.2172416465522668E-6
maxError: 0.0011706248901448557
percentOfTop: 0.9886792452830189
euclideanDistance: 0.013645572186175067
inversionPercent: 0.028636239607367196