averageError: 5.918095597470881E-5
maxError: 0.01050287585114767
percentOfTop: 0.6666666666666666
euclideanDistance: 0.4283006937139859
inversionPercent: 0.07041351063920163