averageError: 1.9148921149320836E-5
maxError: 0.0021881682840334937
percentOfTop: 0.9583333333333334
euclideanDistance: 0.08405154460986117
inversionPercent: 0.013071332427561106