averageError: 2.4386142021726515E-5
maxError: 0.0065612425294735936
percentOfTop: 0.9166666666666666
euclideanDistance: 0.20508519929414593
inversionPercent: 0.1476418871383044