averageError: 1.8324179319151543E-4
maxError: 0.21910997446917202
percentOfTop: 0.9641684084801433
euclideanDistance: 0.055243520710732096
inversionPercent: 3.9568466935684223