averageError: 1.1368380163581166E-5
maxError: 0.015372249844743627
percentOfTop: 0.9108527131782945
euclideanDistance: 0.1826375130275507
inversionPercent: 0.27676168124097256