averageError: 3.662255621266894E-4
maxError: 0.38039401549073526
percentOfTop: 0.9250522544042998
euclideanDistance: 0.09108832761557116
inversionPercent: 6.63856181406556