averageError: 0.0022592767787223463
maxError: 3.962115914829113
percentOfTop: 0.6691549716333234
euclideanDistance: 0.858222747058635
inversionPercent: -5.896471863228222