averageError: 1.6942565595345075E-4
maxError: 0.12407748102850566
percentOfTop: 0.9644670050761421
euclideanDistance: 0.04313519035846423
inversionPercent: 3.969203712537996