averageError: 3.588416041101059E-5
maxError: 0.009106896152948487
percentOfTop: 0.8888888888888888
euclideanDistance: 0.2633218825523766
inversionPercent: 0.16436920972393967