averageError: 6.616842687653252E-6
maxError: 3.5630161478514624E-4
percentOfTop: 0.9545454545454546
euclideanDistance: 0.043810070637270174
inversionPercent: 0.025208730889255678