averageError: 0.0013161483779846514
maxError: 1.0935115640748352
percentOfTop: 0.7384293819050463
euclideanDistance: 0.2583807660617449
inversionPercent: 7.769030867253307