averageError: 0.0011271069244875992
maxError: 0.9071483159624308
percentOfTop: 0.7915795759928337
euclideanDistance: 0.2991968584710117
inversionPercent: -1.892460902099457