averageError: 1.807192787361555E-5
maxError: 4.30487886500781E-4
percentOfTop: 0.7727272727272727
euclideanDistance: 0.11946433046389483
inversionPercent: 0.0667949028233662