averageError: 2.493660558476503E-6
maxError: 0.0029342945896624183
percentOfTop: 0.9773584905660377
euclideanDistance: 0.03498682166242328
inversionPercent: 0.06637281269352374