averageError: 7.802468131402448E-6
maxError: 0.00886867985653396
percentOfTop: 0.9289405684754521
euclideanDistance: 0.11133970171038601
inversionPercent: 0.14722682543596705