averageError: 6.682511840149037E-6
maxError: 0.00466705834944342
percentOfTop: 0.9302325581395349
euclideanDistance: 0.09026304001014955
inversionPercent: 0.12836078494736922