averageError: 2.7265582294810792E-5
maxError: 0.013610134312338613
percentOfTop: 0.7932816537467701
euclideanDistance: 0.43613394723642895
inversionPercent: 0.14211777390603592