averageError: 1.8795763785722476E-5
maxError: 4.638171135358214E-4
percentOfTop: 0.803030303030303
euclideanDistance: 0.12290704885269493
inversionPercent: 0.0680635178594513