averageError: 1.1922637986187526E-5
maxError: 5.919091907769796E-4
percentOfTop: 0.8181818181818182
euclideanDistance: 0.09907965192331797
inversionPercent: 0.037916681304176435