averageError: 3.4824077680815503E-6
maxError: 0.002366659407283568
percentOfTop: 0.9689922480620154
euclideanDistance: 0.04370070843051931
inversionPercent: 0.05258701051767366