averageError: 4.048969225685222E-5
maxError: 0.004911494776898711
percentOfTop: 0.8333333333333334
euclideanDistance: 0.21583225969281847
inversionPercent: 0.03750635914138799