averageError: 1.8023617033134775E-4
maxError: 0.130686741574074
percentOfTop: 0.969244550612123
euclideanDistance: 0.04313851689423308
inversionPercent: 4.593258317985253