averageError: 3.491790077082207E-5
maxError: 0.0018522567844529852
percentOfTop: 0.6515151515151515
euclideanDistance: 0.2349430633489338
inversionPercent: 0.11677789091280714