averageError: 3.3600518191663566E-5
maxError: 0.0035982080856067408
percentOfTop: 0.9027777777777778
euclideanDistance: 0.16784770333304064
inversionPercent: 0.02789925974161191