averageError: 2.3094783477507968E-5
maxError: 0.002070138788016103
percentOfTop: 0.7424242424242424
euclideanDistance: 0.18375488100994183
inversionPercent: 0.08161602365995507