averageError: 6.17288989433667E-6
maxError: 0.0013397102185911634
percentOfTop: 0.9722222222222222
euclideanDistance: 0.036072256575454174
inversionPercent: 0.009427946952067237