averageError: 1.1390733000163589E-5
maxError: 0.02270074738746552
percentOfTop: 0.9056847545219638
euclideanDistance: 0.1958952503209767
inversionPercent: 0.13286796788482336