averageError: 6.547944689993529E-6
maxError: 2.529449518941518E-4
percentOfTop: 0.9545454545454546
euclideanDistance: 0.04335443048982993
inversionPercent: 0.02560094672404663