averageError: 1.2856936820015177E-5
maxError: 0.004746400632803922
percentOfTop: 0.9583333333333334
euclideanDistance: 0.09437990089542952
inversionPercent: 0.08083454062352875