averageError: 1.3405233111454274E-5
maxError: 5.282145053861764E-4
percentOfTop: 0.9242424242424242
euclideanDistance: 0.10089891683064789
inversionPercent: 0.04715578489891278