averageError: 6.490424859012752E-6
maxError: 0.006882635231571875
percentOfTop: 0.9392764857881137
euclideanDistance: 0.09271792220329213
inversionPercent: 0.10936795733984736