averageError: 1.5079852420122677E-5
maxError: 0.018133925804106645
percentOfTop: 0.8811369509043928
euclideanDistance: 0.23824534073243844
inversionPercent: 0.23356768267991904