averageError: 4.962828069960592E-6
maxError: 7.297242224680797E-4
percentOfTop: 0.9722222222222222
euclideanDistance: 0.031424933320051064
inversionPercent: 0.02463812410712716