averageError: 7.293311098753265E-6
maxError: 0.0113289171133472
percentOfTop: 0.9509433962264151
euclideanDistance: 0.14100322616572483
inversionPercent: 0.17875718068712168