averageError: 5.904707663779434E-4
maxError: 1.3491201888180897
percentOfTop: 0.8856375037324574
euclideanDistance: 0.18890421444011382
inversionPercent: 7.762964009836371