averageError: 2.051450189467012E-5
maxError: 0.0023189760632673223
percentOfTop: 0.7575757575757576
euclideanDistance: 0.17615307597926894
inversionPercent: 0.06530990720813928