averageError: 9.83888535519172E-6
maxError: 9.827818113924622E-4
percentOfTop: 0.8939393939393939
euclideanDistance: 0.06750407320941224
inversionPercent: 0.03646431634313026