averageError: 1.3555640649671633E-5
maxError: 0.004124613447820908
percentOfTop: 0.9722222222222222
euclideanDistance: 0.11237547753284897
inversionPercent: 0.0949789701342122