averageError: 1.4148163567790437E-5
maxError: 0.0027725319488661228
percentOfTop: 0.9305555555555556
euclideanDistance: 0.09942106735831556
inversionPercent: 0.10981187610031667