averageError: 6.706235863019106E-6
maxError: 2.3731181462494652E-4
percentOfTop: 0.9242424242424242
euclideanDistance: 0.04458363864002711
inversionPercent: 0.02570411513279681