averageError: 8.22236028970026E-6
maxError: 0.002491893513054136
percentOfTop: 0.9722222222222222
euclideanDistance: 0.06412973838775204
inversionPercent: 0.028375787866748353