averageError: 4.749790472016756E-6
maxError: 0.003272909576405931
percentOfTop: 0.9534883720930233
euclideanDistance: 0.06342805887098994
inversionPercent: 0.1132411857424462