averageError: 1.392032620942973E-5
maxError: 0.046216367146607776
percentOfTop: 0.8927648578811369
euclideanDistance: 0.30962944565220607
inversionPercent: 0.23281176605108472