averageError: 3.553015367677965E-5
maxError: 0.0021454056486935763
percentOfTop: 0.6818181818181818
euclideanDistance: 0.28252309529035013
inversionPercent: 0.12119251757345866