averageError: 5.345826479086007E-6
maxError: 0.011292354264680761
percentOfTop: 0.9735849056603774
euclideanDistance: 0.1148036756208854
inversionPercent: 0.06517319645772149