averageError: 2.0967508063379056E-6
maxError: 0.002070954367067366
percentOfTop: 0.9886792452830189
euclideanDistance: 0.028153657399613605
inversionPercent: 0.04913939473317952