averageError: 1.8076295433028055E-5
maxError: 4.589371681370021E-4
percentOfTop: 0.8333333333333334
euclideanDistance: 0.12126911784340526
inversionPercent: 0.06837019972413444