averageError: 6.6064314877729535E-6
maxError: 1.1922439459624784E-4
percentOfTop: 0.9090909090909091
euclideanDistance: 0.04314796044543816
inversionPercent: 0.025696802163491055