averageError: 3.254367222155321E-4
maxError: 0.36921426368522203
percentOfTop: 0.9316213795162736
euclideanDistance: 0.08692354825868931
inversionPercent: 5.4678976326195