averageError: 1.8741322227008072E-5
maxError: 0.003435939492247922
percentOfTop: 0.9027777777777778
euclideanDistance: 0.12172211486891323
inversionPercent: 0.08603505879847345