averageError: 1.7119849819919516E-5
maxError: 0.004016472371440042
percentOfTop: 0.9444444444444444
euclideanDistance: 0.12317934693755796
inversionPercent: 0.11616001308674254