averageError: 8.127192000172602E-6
maxError: 0.00990279563140656
percentOfTop: 0.9069767441860465
euclideanDistance: 0.12269533049692745
inversionPercent: 0.19173997705712476