averageError: 3.2213009408953554E-5
maxError: 0.0015135654400192352
percentOfTop: 0.7575757575757576
euclideanDistance: 0.24496602385317218
inversionPercent: 0.11466083258340684