averageError: 6.4372794099609906E-6
maxError: 0.01162439596104644
percentOfTop: 0.9773584905660377
euclideanDistance: 0.15628029396049692
inversionPercent: 0.11127836579627753