averageError: 6.81969515619822E-6
maxError: 0.0013753781091376885
percentOfTop: 0.9722222222222222
euclideanDistance: 0.0490106058174774
inversionPercent: 0.04615909835821046