averageError: 6.233735649113941E-6
maxError: 0.008731725559252753
percentOfTop: 0.9405684754521964
euclideanDistance: 0.09840328662587616
inversionPercent: 0.10979046900653514