averageError: 1.3924928695872406E-5
maxError: 0.006064209799589652
percentOfTop: 0.9583333333333334
euclideanDistance: 0.12441132742823982
inversionPercent: 0.03563122492028724