averageError: 2.8816064664249014E-6
maxError: 0.001758036514344502
percentOfTop: 0.9728682170542635
euclideanDistance: 0.03146249387859123
inversionPercent: 0.08832626385893715