averageError: 2.5113743788353707E-5
maxError: 0.002506972249713727
percentOfTop: 0.7121212121212122
euclideanDistance: 0.2550847294725794
inversionPercent: 0.0827282429790519