averageError: 9.94301137987876E-6
maxError: 6.928751171902392E-4
percentOfTop: 0.8939393939393939
euclideanDistance: 0.07395341293524091
inversionPercent: 0.03744791071475435