averageError: 9.758377421137699E-6
maxError: 6.082704186267315E-4
percentOfTop: 0.9090909090909091
euclideanDistance: 0.061274702261527945
inversionPercent: 0.03712757488839275