averageError: 7.657697828035897E-6
maxError: 0.001481514740207062
percentOfTop: 0.9861111111111112
euclideanDistance: 0.04919224221146622
inversionPercent: 0.03864006933760813