averageError: 3.0402952701001254E-5
maxError: 0.008087014214296038
percentOfTop: 0.8472222222222222
euclideanDistance: 0.2829414307669447
inversionPercent: 0.15227444384801597