averageError: 3.3622638298235387E-6
maxError: 7.290764062666353E-4
percentOfTop: 1.0
euclideanDistance: 0.021104252814837365
inversionPercent: 0.032014392255746246