averageError: 2.4643488748629578E-5
maxError: 0.004413249109638934
percentOfTop: 0.8472222222222222
euclideanDistance: 0.1987197758560634
inversionPercent: 0.07535229396332511