averageError: 1.8478089124099714E-5
maxError: 0.018745695832842857
percentOfTop: 0.8294573643410853
euclideanDistance: 0.2814745017147634
inversionPercent: 0.32691842163177914