averageError: 4.48724423250404E-5
maxError: 0.0038025960669810163
percentOfTop: 0.5303030303030303
euclideanDistance: 0.30746110975151303
inversionPercent: 0.13855836658998694