averageError: 1.4322974986241054E-5
maxError: 0.013183172392940735
percentOfTop: 0.8695090439276486
euclideanDistance: 0.25250574841205053
inversionPercent: 0.17124078755240918