averageError: 5.1818608937682765E-6
maxError: 0.005042328119226017
percentOfTop: 0.9547803617571059
euclideanDistance: 0.0753829309183223
inversionPercent: 0.13564230514255135