averageError: 4.7218059904301083E-4
maxError: 0.3949444295820794
percentOfTop: 0.8978799641684084
euclideanDistance: 0.12086916070326396
inversionPercent: 6.903609047755011