averageError: 1.8965851178091117E-5
maxError: 0.0012867249603394984
percentOfTop: 0.7424242424242424
euclideanDistance: 0.14638153028824322
inversionPercent: 0.06958572630582903