averageError: 2.7208127071915454E-6
maxError: 0.0019655029284785797
percentOfTop: 0.9715762273901809
euclideanDistance: 0.032954512238159255
inversionPercent: 0.06792902964089058