averageError: 2.8507633518908284E-6
maxError: 0.0017314419513493884
percentOfTop: 0.9767441860465116
euclideanDistance: 0.02987690236428428
inversionPercent: 0.08846357938116362