averageError: 1.3337483802793506E-5
maxError: 0.004352607814423846
percentOfTop: 0.9444444444444444
euclideanDistance: 0.09985417472567874
inversionPercent: 0.08070284342277587