averageError: 2.329130391509448E-5
maxError: 0.01735758695133882
percentOfTop: 0.7790697674418605
euclideanDistance: 0.32062346962373384
inversionPercent: 0.10757476215160278