averageError: 0.0018886809976455718
maxError: 2.5012426964769854
percentOfTop: 0.6357121528814571
euclideanDistance: 0.6600457503667964
inversionPercent: -6.128364129872371