averageError: 6.319095915914205E-6
maxError: 0.0010496576795341848
percentOfTop: 0.9722222222222222
euclideanDistance: 0.04463254220376628
inversionPercent: 0.03632037309860438