averageError: 4.67369042493696E-5
maxError: 0.0027227482979473444
percentOfTop: 0.5909090909090909
euclideanDistance: 0.31343623975898954
inversionPercent: 0.1490015181816848