averageError: 9.613059126286611E-4
maxError: 0.865153005626139
percentOfTop: 0.8247237981487011
euclideanDistance: 0.2433700886650427
inversionPercent: -6.196199447967231