averageError: 1.3051042793408803E-5
maxError: 0.0019052179701590476
percentOfTop: 0.9444444444444444
euclideanDistance: 0.09285625589352886
inversionPercent: 0.0698785031089904