averageError: 3.3306387278079466E-4
maxError: 0.28120491565113026
percentOfTop: 0.9301283965362794
euclideanDistance: 0.0857855717355289
inversionPercent: 5.700716431586283