averageError: 6.6585786430856535E-6
maxError: 0.004932880972806437
percentOfTop: 0.9392764857881137
euclideanDistance: 0.09468287169090212
inversionPercent: 0.15071343746908303