averageError: 6.9971291197492E-6
maxError: 4.732310473107744E-4
percentOfTop: 0.9090909090909091
euclideanDistance: 0.046803666655220094
inversionPercent: 0.026468690702175113