averageError: 7.172972906970198E-5
maxError: 0.016047749866096132
percentOfTop: 0.5555555555555556
euclideanDistance: 0.5772443507141778
inversionPercent: 0.0957916758123056