averageError: 2.7556782827228998E-6
maxError: 0.003470420888832454
percentOfTop: 0.9806201550387597
euclideanDistance: 0.03694761674384505
inversionPercent: 0.04221275823909943