averageError: 6.250084857840369E-6
maxError: 0.00763992498123317
percentOfTop: 0.9735849056603774
euclideanDistance: 0.1214076823145952
inversionPercent: 0.12237597948292561