averageError: 9.127060179833612E-6
maxError: 3.137343019519079E-4
percentOfTop: 0.9242424242424242
euclideanDistance: 0.06257775767290409
inversionPercent: 0.03473979784083193