averageError: 5.284092423888735E-5
maxError: 0.0040916418580665345
percentOfTop: 0.42424242424242425
euclideanDistance: 0.37371669933791785
inversionPercent: 0.1559783686070705