averageError: 0.0012056354829427655
maxError: 0.8608043505512222
percentOfTop: 0.8647357420125411
euclideanDistance: 0.1392595579964002
inversionPercent: 7.976265329544492