averageError: 5.9735595905723055E-6
maxError: 0.002647790171741757
percentOfTop: 0.939622641509434
euclideanDistance: 0.04253853975807326
inversionPercent: 0.014620913722038328