averageError: 5.9347330086249695E-5
maxError: 0.004493963305794079
percentOfTop: 0.5757575757575758
euclideanDistance: 0.4622730808996457
inversionPercent: 0.15452868815374415