averageError: 1.4045789783114015E-6
maxError: 0.0017732683199324153
percentOfTop: 0.9924528301886792
euclideanDistance: 0.018276735958206735
inversionPercent: 0.042149941257597474