averageError: 1.4801529144533865E-5
maxError: 9.742044845397826E-4
percentOfTop: 0.9583333333333334
euclideanDistance: 0.0627996385484335
inversionPercent: 0.01005225411435213