averageError: 2.8801484200330758E-5
maxError: 0.007054955762398932
percentOfTop: 0.8888888888888888
euclideanDistance: 0.23668586124378235
inversionPercent: 0.12975042926056546