averageError: 3.1385369763633644E-5
maxError: 0.00969556308210297
percentOfTop: 0.8611111111111112
euclideanDistance: 0.24232627239021218
inversionPercent: 0.1535049611675018