averageError: 1.114835389775176E-5
maxError: 0.01150913295682944
percentOfTop: 0.900516795865633
euclideanDistance: 0.17286107255081912
inversionPercent: 0.18630221774340375