averageError: 1.728334123690875E-5
maxError: 0.00426872095224832
percentOfTop: 0.8268733850129198
euclideanDistance: 0.15879518687945338
inversionPercent: 0.06797116811315927