averageError: 1.4365062849408661E-5
maxError: 0.0024074453492114525
percentOfTop: 0.9444444444444444
euclideanDistance: 0.09340941056655802
inversionPercent: 0.11000963922355946