averageError: 1.423936360328482E-5
maxError: 0.0036103060511956664
percentOfTop: 0.8953488372093024
euclideanDistance: 0.11217242591465092
inversionPercent: 0.0587659817350409