averageError: 3.601588689221404E-4
maxError: 0.26796402037608047
percentOfTop: 0.9286354135562854
euclideanDistance: 0.0864833675610574
inversionPercent: 6.639513830264318