averageError: 8.088167241245705E-6
maxError: 0.004351629989936072
percentOfTop: 0.9276485788113695
euclideanDistance: 0.105159370973665
inversionPercent: 0.10172854956085217