averageError: 1.0923206870661267E-5
maxError: 0.014997194973868599
percentOfTop: 0.900516795865633
euclideanDistance: 0.17498288178563287
inversionPercent: 0.25391018435298107