averageError: 6.434594301779979E-6
maxError: 0.008597912068120661
percentOfTop: 0.9431524547803618
euclideanDistance: 0.09766853950332587
inversionPercent: 0.07333168796352497