averageError: 1.0308541215918878E-5
maxError: 0.0020335562518380076
percentOfTop: 0.9722222222222222
euclideanDistance: 0.06750444250644255
inversionPercent: 0.09429440547683336