averageError: 5.458563144061924E-5
maxError: 0.005190409118106611
percentOfTop: 0.42424242424242425
euclideanDistance: 0.44941323541675315
inversionPercent: 0.17268489327068434