averageError: 9.075106546343361E-6
maxError: 0.002730402451306683
percentOfTop: 0.9444444444444444
euclideanDistance: 0.06761799844461806
inversionPercent: 0.07802930726995812