averageError: 9.461240418863376E-4
maxError: 1.5747750496150044
percentOfTop: 0.8190504628247238
euclideanDistance: 0.2913215426010658
inversionPercent: -5.601322949131807