averageError: 1.3872544357683626E-5
maxError: 0.0028971106841885162
percentOfTop: 0.9305555555555556
euclideanDistance: 0.10811037795576142
inversionPercent: 0.061910210010212165