averageError: 1.1637913503656425E-5
maxError: 0.016878043425889278
percentOfTop: 0.8914728682170543
euclideanDistance: 0.20483389179068415
inversionPercent: 0.13382055281451943