averageError: 1.1607267049710347E-5
maxError: 0.0034403825974742702
percentOfTop: 0.9583333333333334
euclideanDistance: 0.09082583655243734
inversionPercent: 0.07054580053662757