averageError: 7.064254681381431E-6
maxError: 3.360991483181523E-4
percentOfTop: 0.9393939393939394
euclideanDistance: 0.047176390723986605
inversionPercent: 0.027578549505863127