averageError: 1.3502939549511124E-5
maxError: 0.01611050621691036
percentOfTop: 0.8785529715762274
euclideanDistance: 0.23647050495425948
inversionPercent: 0.22549193686246044