averageError: 4.600986393593177E-5
maxError: 0.0022118124232160426
percentOfTop: 0.5606060606060606
euclideanDistance: 0.36825388011408305
inversionPercent: 0.14510796372637627