averageError: 9.633253340821333E-6
maxError: 2.741890608063515E-4
percentOfTop: 0.8787878787878788
euclideanDistance: 0.06387679831134982
inversionPercent: 0.037378622644813106