averageError: 4.901373347668027E-6
maxError: 0.010202799561355884
percentOfTop: 0.9735849056603774
euclideanDistance: 0.10315108069316065
inversionPercent: 0.13764663004656233