averageError: 1.6326909092009628E-4
maxError: 0.1303438492080642
percentOfTop: 0.967751567632129
euclideanDistance: 0.04368906304511215
inversionPercent: 3.874610949859622