averageError: 6.789296959072079E-5
maxError: 0.0028744571605929916
percentOfTop: 0.42424242424242425
euclideanDistance: 0.4849199211392577
inversionPercent: 0.18313956973173112