averageError: 1.5319312496332003E-5
maxError: 0.00515371858141073
percentOfTop: 0.9305555555555556
euclideanDistance: 0.1074892778220419
inversionPercent: 0.11435315752237776