averageError: 1.5583790529116045E-5
maxError: 0.0016691617084910262
percentOfTop: 0.9166666666666666
euclideanDistance: 0.09783989628018243
inversionPercent: 0.10500095720512699