averageError: 9.437392725815635E-6
maxError: 4.753629566727523E-4
percentOfTop: 0.9090909090909091
euclideanDistance: 0.06745744044415268
inversionPercent: 0.035366260116486345