averageError: 3.548640710152907E-5
maxError: 0.0018895418230554552
percentOfTop: 0.6515151515151515
euclideanDistance: 0.23297003354118917
inversionPercent: 0.11630824091568373