averageError: 0.0022162829430264603
maxError: 4.730491032109564
percentOfTop: 0.6157061809495372
euclideanDistance: 0.8013588794832451
inversionPercent: -3.2492825775657663