averageError: 4.949142082075008E-4
maxError: 0.5130449616713464
percentOfTop: 0.9038518960883846
euclideanDistance: 0.13105168629140743
inversionPercent: 8.188855179453345