averageError: 1.8839901812968045E-5
maxError: 0.05318763193303061
percentOfTop: 0.8591731266149871
euclideanDistance: 0.43336293826100014
inversionPercent: 0.21934035085782078