averageError: 8.737247331407255E-6
maxError: 5.719018399573707E-4
percentOfTop: 0.8636363636363636
euclideanDistance: 0.07203454424868906
inversionPercent: 0.028129752996130467