averageError: 1.99565897367068E-5
maxError: 6.470938062944304E-4
percentOfTop: 0.7878787878787878
euclideanDistance: 0.1460061771650914
inversionPercent: 0.07190393757575345