averageError: 2.1585839482725652E-6
maxError: 0.003329794613456484
percentOfTop: 0.9886792452830189
euclideanDistance: 0.03174667225657958
inversionPercent: 0.047804212631731687