averageError: 4.998133772521668E-6
maxError: 0.004220448042095176
percentOfTop: 0.9547803617571059
euclideanDistance: 0.05779544295178182
inversionPercent: 0.07947668395004176