averageError: 1.9401638752666587E-4
maxError: 0.3871587317918066
percentOfTop: 0.9641684084801433
euclideanDistance: 0.05812360366879912
inversionPercent: 4.619936598238067