averageError: 4.3070225519150235E-5
maxError: 0.003127580206985508
percentOfTop: 0.5303030303030303
euclideanDistance: 0.3658436612220314
inversionPercent: 0.1438428200364806