averageError: 3.4818201291096846E-5
maxError: 0.006210389502469445
percentOfTop: 0.6818181818181818
euclideanDistance: 0.47262580874989446
inversionPercent: 0.1108179134978483