averageError: 4.749150901893526E-6
maxError: 0.0036873515633662896
percentOfTop: 0.9612403100775194
euclideanDistance: 0.060154450413168296
inversionPercent: 0.09097732267633214