averageError: 1.691121435877279E-5
maxError: 0.0027590384430091633
percentOfTop: 0.9444444444444444
euclideanDistance: 0.1167656617452091
inversionPercent: 0.10237159671100762