averageError: 9.719071397759076E-6
maxError: 0.03188319976563223
percentOfTop: 0.939622641509434
euclideanDistance: 0.2733500285194511
inversionPercent: 0.10335813647369953