averageError: 4.8686393163950535E-5
maxError: 0.002502103080906688
percentOfTop: 0.5606060606060606
euclideanDistance: 0.3740474010541378
inversionPercent: 0.15089210588568597