averageError: 1.7515665444022843E-5
maxError: 0.01839235426506538
percentOfTop: 0.8604651162790697
euclideanDistance: 0.31224857120236477
inversionPercent: 0.34242334098383104