averageError: 3.4816153393494304E-5
maxError: 0.00177654532851532
percentOfTop: 0.6363636363636364
euclideanDistance: 0.2485559424750955
inversionPercent: 0.12277230408196524