averageError: 8.388151648676816E-6
maxError: 0.009098035737310568
percentOfTop: 0.9354005167958657
euclideanDistance: 0.14697231857448556
inversionPercent: 0.10223044922383816