averageError: 2.604521824551437E-6
maxError: 0.002235857429728219
percentOfTop: 0.9728682170542635
euclideanDistance: 0.02851357730665657
inversionPercent: 0.0518588247608613