averageError: 2.5532376404414E-5
maxError: 0.001923652724232346
percentOfTop: 0.7121212121212122
euclideanDistance: 0.1846742312624085
inversionPercent: 0.0906663323066017