averageError: 6.406299149923784E-6
maxError: 8.062610071366896E-4
percentOfTop: 0.9861111111111112
euclideanDistance: 0.04109357270454085
inversionPercent: 0.04458473794212949