averageError: 4.971111412598746E-6
maxError: 0.004571517886841819
percentOfTop: 0.9547803617571059
euclideanDistance: 0.062017873332632166
inversionPercent: 0.16100037407911746