averageError: 1.3494098740869047E-6
maxError: 0.0017593247411394064
percentOfTop: 0.9886792452830189
euclideanDistance: 0.016966148169566892
inversionPercent: 0.028773566068670507