averageError: 2.5555055693048943E-6
maxError: 0.0034147742921460666
percentOfTop: 0.9849056603773585
euclideanDistance: 0.037534867588072264
inversionPercent: 0.08356764878370876