averageError: 6.475464221310453E-4
maxError: 0.818502770726965
percentOfTop: 0.8727978501045088
euclideanDistance: 0.18615512122969985
inversionPercent: -8.39025174244224