averageError: 2.117222007585337E-5
maxError: 0.048229590568476394
percentOfTop: 0.8333333333333334
euclideanDistance: 0.3811588788687675
inversionPercent: 0.28608667762883294