averageError: 2.723941928304737E-5
maxError: 0.003587493109095164
percentOfTop: 0.8333333333333334
euclideanDistance: 0.18054261637412727
inversionPercent: 0.1286629098917321