averageError: 9.209842156965701E-6
maxError: 0.004021729293399622
percentOfTop: 0.9722222222222222
euclideanDistance: 0.05911088309594051
inversionPercent: 0.015114160294024966