averageError: 2.330984819315467E-6
maxError: 0.0020164826756053356
percentOfTop: 0.9849056603773585
euclideanDistance: 0.028900407045742066
inversionPercent: 0.06498955520205724