averageError: 3.3498336591476394E-4
maxError: 0.3958935070798941
percentOfTop: 0.9366975216482533
euclideanDistance: 0.10173770005172748
inversionPercent: 5.45659895139176