averageError: 1.3772602804643151E-5
maxError: 5.365324503000743E-4
percentOfTop: 0.8484848484848485
euclideanDistance: 0.09518932187884403
inversionPercent: 0.05258589603151538