averageError: 1.9937084041794465E-5
maxError: 0.007319071824691575
percentOfTop: 0.7558139534883721
euclideanDistance: 0.21596426625643797
inversionPercent: 0.08279327659337594