averageError: 2.4997916893917485E-5
maxError: 0.0019353134252125363
percentOfTop: 0.803030303030303
euclideanDistance: 0.1898376771912908
inversionPercent: 0.0917904004873585