averageError: 1.9279800328788064E-5
maxError: 0.0018751056970611017
percentOfTop: 0.7878787878787878
euclideanDistance: 0.12435377080737096
inversionPercent: 0.0721564664398813