averageError: 1.3297519992898995E-5
maxError: 0.00908239067574658
percentOfTop: 0.8603773584905661
euclideanDistance: 0.14115328901135202
inversionPercent: 0.0629215915014307