averageError: 1.373034028013018E-5
maxError: 0.013075312477031309
percentOfTop: 0.8772609819121447
euclideanDistance: 0.21615508220216684
inversionPercent: 0.2662497725159363