averageError: 3.832834762171876E-6
maxError: 0.004513897709450002
percentOfTop: 0.9677002583979328
euclideanDistance: 0.05307030809824356
inversionPercent: 0.06286714876699684