averageError: 2.272590237089792E-6
maxError: 0.0033159562890399466
percentOfTop: 0.9773584905660377
euclideanDistance: 0.03522827096943424
inversionPercent: 0.030452127099883056