averageError: 3.4868087674677337E-6
maxError: 0.003038142511097505
percentOfTop: 0.9677002583979328
euclideanDistance: 0.03981725313020923
inversionPercent: 0.06210525412639306