averageError: 1.4190202702426275E-5
maxError: 0.013082639230995306
percentOfTop: 0.8875968992248062
euclideanDistance: 0.2112727776612578
inversionPercent: 0.3138611406023728