averageError: 8.284960003955314E-6
maxError: 0.014629098222118157
percentOfTop: 0.9547169811320755
euclideanDistance: 0.1346100873375619
inversionPercent: 0.15319649624343246