averageError: 0.0014966805348854933
maxError: 1.16286945214638
percentOfTop: 0.666766198865333
euclideanDistance: 0.3667257174812446
inversionPercent: 8.148587265380629