averageError: 3.5852172905577613E-6
maxError: 7.001247491979137E-4
percentOfTop: 0.9861111111111112
euclideanDistance: 0.02291192249008148
inversionPercent: 0.021716919771195376