averageError: 1.407935708933447E-5
maxError: 5.726960624252214E-4
percentOfTop: 0.9722222222222222
euclideanDistance: 0.057054324979986096
inversionPercent: 0.010079320595754988