averageError: 1.775184539819057E-5
maxError: 0.0010003340133190076
percentOfTop: 0.8484848484848485
euclideanDistance: 0.13295599923825413
inversionPercent: 0.06841907627848176