averageError: 1.9605958285370167E-5
maxError: 0.021810802608003943
percentOfTop: 0.9283018867924528
euclideanDistance: 0.31723482304272677
inversionPercent: 0.10213231960689352