averageError: 5.175448239986095E-6
maxError: 0.007255775264068592
percentOfTop: 0.9811320754716981
euclideanDistance: 0.1014690711372323
inversionPercent: 0.08655341071536468