averageError: 3.7563720464528045E-6
maxError: 8.440088624864055E-4
percentOfTop: 0.9861111111111112
euclideanDistance: 0.025664373713363237
inversionPercent: 0.021554718448335914