averageError: 2.4244392000239508E-4
maxError: 0.17098801907832195
percentOfTop: 0.9546133174081816
euclideanDistance: 0.0606571767925442
inversionPercent: 4.791820124287913