averageError: 3.363959755527972E-5
maxError: 0.001941220497724664
percentOfTop: 0.6363636363636364
euclideanDistance: 0.2631332898703601
inversionPercent: 0.10874482555351425