averageError: 3.3268435582552677E-6
maxError: 0.003616292991287441
percentOfTop: 0.9773584905660377
euclideanDistance: 0.05087845460674963
inversionPercent: 0.09310126000295478