averageError: 1.7616670080268818E-5
maxError: 0.0011708750189675446
percentOfTop: 0.8181818181818182
euclideanDistance: 0.12937847243067693
inversionPercent: 0.06595900266094885