averageError: 4.544421055977559E-6
maxError: 8.820651036228928E-4
percentOfTop: 0.9722222222222222
euclideanDistance: 0.023415469436777855
inversionPercent: 0.006480031752736431