averageError: 6.864540568705691E-6
maxError: 7.331971025851085E-4
percentOfTop: 0.9861111111111112
euclideanDistance: 0.03577793150496084
inversionPercent: 0.07643029067227805