averageError: 6.963694451128244E-6
maxError: 4.167365627154099E-4
percentOfTop: 0.9242424242424242
euclideanDistance: 0.04888735674985196
inversionPercent: 0.026337982946988702