averageError: 1.2509984137971598E-5
maxError: 7.659779203771719E-4
percentOfTop: 0.8636363636363636
euclideanDistance: 0.08794809798512249
inversionPercent: 0.04738262580123877