averageError: 2.9082048657524818E-6
maxError: 0.007983782334788997
percentOfTop: 0.9849056603773585
euclideanDistance: 0.05334940824856366
inversionPercent: 0.045770784570076876