averageError: 0.0013342803539660394
maxError: 1.2176419143499202
percentOfTop: 0.7300686772170797
euclideanDistance: 0.2590116239690194
inversionPercent: 7.75525066717275