averageError: 3.0056722520227263E-5
maxError: 0.02143465157121534
percentOfTop: 0.9027777777777778
euclideanDistance: 0.2477851953538806
inversionPercent: 0.11849053591830744