averageError: 2.52725319415051E-5
maxError: 0.004321415405701659
percentOfTop: 0.8888888888888888
euclideanDistance: 0.17322740143908602
inversionPercent: 0.13654079699131363