averageError: 2.6746038386820834E-6
maxError: 0.0015725196710011935
percentOfTop: 0.9780361757105943
euclideanDistance: 0.03180692247889677
inversionPercent: 0.04255337706336936