averageError: 8.443399220045594E-6
maxError: 0.024243763353286762
percentOfTop: 0.9660377358490566
euclideanDistance: 0.14342979162937602
inversionPercent: 0.16209054326860006