averageError: 3.8059265052163036E-6
maxError: 0.0014042992977464086
percentOfTop: 0.9861111111111112
euclideanDistance: 0.03048124303610103
inversionPercent: 0.042506229735947705