averageError: 2.588315021468748E-6
maxError: 9.609887582690347E-4
percentOfTop: 0.9677002583979328
euclideanDistance: 0.029352386086405047
inversionPercent: 0.03742259279718572