averageError: 1.9104440928809725E-6
maxError: 0.0020882022427190852
percentOfTop: 0.9886792452830189
euclideanDistance: 0.024802698621402358
inversionPercent: 0.06279217773341571