averageError: 0.003385996079996477
maxError: 9.256450306271704
percentOfTop: 0.605255300089579
euclideanDistance: 1.1111929884579053
inversionPercent: -3.5859155675496197