averageError: 1.1713119170066667E-5
maxError: 4.467274016116793E-4
percentOfTop: 0.8939393939393939
euclideanDistance: 0.09868125258289327
inversionPercent: 0.036653805560457865