averageError: 1.8026432607624636E-5
maxError: 7.831248216400061E-4
percentOfTop: 0.8787878787878788
euclideanDistance: 0.13428169777973056
inversionPercent: 0.06725636044348253