averageError: 4.483915906198594E-4
maxError: 0.6482001970363864
percentOfTop: 0.9122126007763511
euclideanDistance: 0.13326638112317626
inversionPercent: 6.764131938164791