averageError: 3.7226369734923586E-6
maxError: 0.0022825576858215707
percentOfTop: 0.9638242894056848
euclideanDistance: 0.04337534754022873
inversionPercent: 0.09715740071370027