averageError: 6.510664128657343E-5
maxError: 0.003524554408598521
percentOfTop: 0.45454545454545453
euclideanDistance: 0.43195550343487904
inversionPercent: 0.16526375681766606