averageError: 0.002079934647872703
maxError: 3.601324756091948
percentOfTop: 0.6357121528814571
euclideanDistance: 0.6779213657910775
inversionPercent: -2.663486959761719