averageError: 1.744774567843147E-5
maxError: 0.0138800892953659
percentOfTop: 0.8552971576227391
euclideanDistance: 0.24738787979949062
inversionPercent: 0.3488091360194798