averageError: 6.544145018500898E-6
maxError: 3.452355912904846E-4
percentOfTop: 0.9545454545454546
euclideanDistance: 0.043677113037591024
inversionPercent: 0.025588264739301207