averageError: 1.4967403231345343E-5
maxError: 0.02202227167188381
percentOfTop: 0.8772609819121447
euclideanDistance: 0.2625339219985165
inversionPercent: 0.3015243378377727