averageError: 2.043397074155107E-5
maxError: 0.011875369621519263
percentOfTop: 0.7428940568475452
euclideanDistance: 0.21681744562583372
inversionPercent: 0.08271130443872275