averageError: 3.0456199487751155E-5
maxError: 0.00428194491542189
percentOfTop: 0.696969696969697
euclideanDistance: 0.24531587445556302
inversionPercent: 0.09977968060004858