averageError: 0.0020273295519484657
maxError: 3.708755791701501
percentOfTop: 0.6607942669453568
euclideanDistance: 0.7026602239891653
inversionPercent: -6.442860645095709