averageError: 4.163307166418835E-5
maxError: 0.002518061045211347
percentOfTop: 0.5151515151515151
euclideanDistance: 0.29501312127561413
inversionPercent: 0.14042511771682062