averageError: 1.4940078143469015E-5
maxError: 6.668171042451799E-4
percentOfTop: 0.7727272727272727
euclideanDistance: 0.13041765507772454
inversionPercent: 0.04816465067079599