averageError: 1.1166983507566847E-5
maxError: 0.015310385380372823
percentOfTop: 0.9147286821705426
euclideanDistance: 0.1993754240477205
inversionPercent: 0.23113881413046483