averageError: 1.419257798973748E-5
maxError: 8.649641806427327E-4
percentOfTop: 0.8181818181818182
euclideanDistance: 0.1004417831218145
inversionPercent: 0.05390829379122889