averageError: 5.951521487875795E-4
maxError: 0.949193561493518
percentOfTop: 0.880262765004479
euclideanDistance: 0.18161367785099847
inversionPercent: 7.788712976060661