averageError: 6.887289138193161E-6
maxError: 0.00115432048793895
percentOfTop: 0.9583333333333334
euclideanDistance: 0.03774709529349065
inversionPercent: 0.061988169379274705