averageError: 1.3222792827060383E-5
maxError: 0.01688950662258211
percentOfTop: 0.8940568475452196
euclideanDistance: 0.20754850488659704
inversionPercent: 0.16440686418181702