averageError: 0.0013775136234729325
maxError: 0.9147044831989027
percentOfTop: 0.7303672738130785
euclideanDistance: 0.3583969466939107
inversionPercent: -3.0610590178581423