averageError: 3.7157678502412875E-5
maxError: 0.004131286105455666
percentOfTop: 0.5606060606060606
euclideanDistance: 0.3537229177376468
inversionPercent: 0.11184047951602584