averageError: 4.3862133647706945E-4
maxError: 0.47384443235720486
percentOfTop: 0.9157957599283368
euclideanDistance: 0.13375033109959159
inversionPercent: 6.339081322438505