averageError: 1.8854473056697832E-6
maxError: 0.0021461795496252323
percentOfTop: 0.9811320754716981
euclideanDistance: 0.018278398709790363
inversionPercent: 0.013658330160622966