averageError: 8.37981409559233E-6
maxError: 0.008334922232527256
percentOfTop: 0.9224806201550387
euclideanDistance: 0.12733445667037185
inversionPercent: 0.14924976804604076