averageError: 1.441053628590405E-5
maxError: 0.0043590763181939884
percentOfTop: 0.9444444444444444
euclideanDistance: 0.1129362498432075
inversionPercent: 0.09477800644893493