averageError: 1.804428311353616E-5
maxError: 0.007206866602595254
percentOfTop: 0.9305555555555556
euclideanDistance: 0.15765411220840791
inversionPercent: 0.054554567705815404