averageError: 0.0015909963234814859
maxError: 1.1228770299985245
percentOfTop: 0.6787100627052851
euclideanDistance: 0.4736268937018224
inversionPercent: 8.76910351937332