averageError: 0.0019406673242427846
maxError: 3.0989878562060698
percentOfTop: 0.6787100627052851
euclideanDistance: 0.6166341963374039
inversionPercent: -8.20670370849482