averageError: 6.8539596296865E-5
maxError: 0.011918173915324773
percentOfTop: 0.7361111111111112
euclideanDistance: 0.5750885694180385
inversionPercent: 0.0960085632815323