averageError: 5.925638901570781E-6
maxError: 0.013770364673620916
percentOfTop: 0.969811320754717
euclideanDistance: 0.08591928250468425
inversionPercent: 0.14236217007824878