averageError: 1.4224194560858343E-5
maxError: 0.003680139595737063
percentOfTop: 0.8901808785529716
euclideanDistance: 0.10972685977314472
inversionPercent: 0.05818602344352248