averageError: 4.828241706596057E-6
maxError: 0.0032548642717953546
percentOfTop: 0.9560723514211886
euclideanDistance: 0.0552797721216653
inversionPercent: 0.10965522744007501