averageError: 2.024269764559215E-5
maxError: 0.005767772664142912
percentOfTop: 0.7364341085271318
euclideanDistance: 0.21510245746404127
inversionPercent: 0.08311086172398056