averageError: 2.635322822129989E-5
maxError: 0.006054376495318821
percentOfTop: 0.8888888888888888
euclideanDistance: 0.19418927084318643
inversionPercent: 0.06987293176026368