averageError: 4.694004193359939E-4
maxError: 0.5161554609754178
percentOfTop: 0.9005673335323977
euclideanDistance: 0.12902580058666605
inversionPercent: 6.811931827677158