averageError: 5.300983615187321E-5
maxError: 0.003016336388731033
percentOfTop: 0.3939393939393939
euclideanDistance: 0.4490261755644386
inversionPercent: 0.15292025146802074