averageError: 1.3578676475147784E-5
maxError: 0.012454838248963237
percentOfTop: 0.8979328165374677
euclideanDistance: 0.20559590456793883
inversionPercent: 0.2519959326507582