averageError: 2.1437592734283163E-5
maxError: 0.008072644877039736
percentOfTop: 0.9027777777777778
euclideanDistance: 0.18101529973972108
inversionPercent: 0.0897550601972376