averageError: 1.1646571083902888E-5
maxError: 0.02375519373342519
percentOfTop: 0.8953488372093024
euclideanDistance: 0.24046104175074906
inversionPercent: 0.25401812238647836