averageError: 6.242516677759165E-4
maxError: 0.556841754826559
percentOfTop: 0.8853389071364587
euclideanDistance: 0.17038764945902235
inversionPercent: 9.049208825701566