averageError: 5.330382621514398E-4
maxError: 0.3603951573614994
percentOfTop: 0.914004180352344
euclideanDistance: 0.08929514784617476
inversionPercent: 6.362657996312234