averageError: 1.7679386672183172E-5
maxError: 0.0020234160369150787
percentOfTop: 0.8636363636363636
euclideanDistance: 0.12130188966399325
inversionPercent: 0.06569476378900861