averageError: 4.844981450184835E-5
maxError: 0.004814106027122296
percentOfTop: 0.48484848484848486
euclideanDistance: 0.4257539537823459
inversionPercent: 0.15005046643090209