averageError: 9.684021453314545E-6
maxError: 0.0017060120600059202
percentOfTop: 0.9444444444444444
euclideanDistance: 0.06390774995272064
inversionPercent: 0.04106894030378865