averageError: 9.572338212820574E-6
maxError: 7.017589112243393E-4
percentOfTop: 0.9090909090909091
euclideanDistance: 0.06445759021463522
inversionPercent: 0.035266887046236615