averageError: 2.3281035291220926E-4
maxError: 0.1694822846963573
percentOfTop: 0.9522245446401911
euclideanDistance: 0.0579515189281398
inversionPercent: 4.5441103146064075