averageError: 4.714205756783651E-5
maxError: 0.006258861644881635
percentOfTop: 0.4090909090909091
euclideanDistance: 0.43781774846634386
inversionPercent: 0.13651087403822304