averageError: 1.0367062886148557E-5
maxError: 0.01662643483894665
percentOfTop: 0.9250645994832042
euclideanDistance: 0.17868875250400634
inversionPercent: 0.20774978034298852