averageError: 2.615010539415354E-5
maxError: 0.0031633414401233124
percentOfTop: 0.6515151515151515
euclideanDistance: 0.30673972057229376
inversionPercent: 0.08228011532830302