averageError: 2.076723718089189E-5
maxError: 0.001555253481394559
percentOfTop: 0.6818181818181818
euclideanDistance: 0.20912494920460156
inversionPercent: 0.06417329589648464