averageError: 1.9395768386784392E-5
maxError: 0.07981330566638675
percentOfTop: 0.8527131782945736
euclideanDistance: 0.554332488607933
inversionPercent: 0.26734478091256875