averageError: 7.0111670132783625E-6
maxError: 0.0010044536771824548
percentOfTop: 0.9090909090909091
euclideanDistance: 0.05360780840672521
inversionPercent: 0.0262090802918208