averageError: 8.477189681890705E-6
maxError: 0.011670347573980763
percentOfTop: 0.9302325581395349
euclideanDistance: 0.13528780524015616
inversionPercent: 0.21381905208497473