averageError: 3.017342939503497E-5
maxError: 0.004964688057512049
percentOfTop: 0.8333333333333334
euclideanDistance: 0.20898324489715814
inversionPercent: 0.13826558382301604