averageError: 5.1787596294602526E-6
maxError: 0.0067508069889685995
percentOfTop: 0.9547803617571059
euclideanDistance: 0.06933942487071441
inversionPercent: 0.13518849355325055