averageError: 6.012148003965652E-5
maxError: 0.003205856193891134
percentOfTop: 0.3484848484848485
euclideanDistance: 0.45257059959578333
inversionPercent: 0.14465576302943178