averageError: 2.685500504502236E-5
maxError: 0.002086626190428806
percentOfTop: 0.6363636363636364
euclideanDistance: 0.2548739542582285
inversionPercent: 0.07940389672957995