averageError: 2.4655618162462773E-5
maxError: 9.451626148523355E-4
percentOfTop: 0.6666666666666666
euclideanDistance: 0.1792326640178688
inversionPercent: 0.09114958998078772