averageError: 3.0735674480745115E-6
maxError: 0.005132881517802036
percentOfTop: 0.9811320754716981
euclideanDistance: 0.05243497032676161
inversionPercent: 0.08526613564875916