averageError: 1.2872125434331121E-5
maxError: 0.001150784438296859
percentOfTop: 0.8636363636363636
euclideanDistance: 0.08345891243245743
inversionPercent: 0.04918684641204667