averageError: 1.2146111150978753E-6
maxError: 0.0023416767730677496
percentOfTop: 0.9962264150943396
euclideanDistance: 0.019905645875505182
inversionPercent: 0.019770282215351525