averageError: 9.220318307588248E-6
maxError: 0.009848954131532778
percentOfTop: 0.91343669250646
euclideanDistance: 0.13678773686846493
inversionPercent: 0.21566235958455313