averageError: 6.157761246244192E-5
maxError: 0.004920684615558625
percentOfTop: 0.25757575757575757
euclideanDistance: 0.5923789874753765
inversionPercent: 0.174446115473359