averageError: 4.061638791464616E-6
maxError: 0.004343164307996056
percentOfTop: 0.9599483204134367
euclideanDistance: 0.04910896127207152
inversionPercent: 0.12267901147957246