averageError: 3.5056877761439174E-5
maxError: 0.0032253567378790534
percentOfTop: 0.5909090909090909
euclideanDistance: 0.30237202276502045
inversionPercent: 0.12146966985322362