averageError: 7.733050856635865E-6
maxError: 0.02180048851570264
percentOfTop: 0.9735849056603774
euclideanDistance: 0.2015516130559468
inversionPercent: 0.10604127284217708