averageError: 4.62070926745829E-6
maxError: 0.003375695176423987
percentOfTop: 0.9560723514211886
euclideanDistance: 0.05756365283839483
inversionPercent: 0.07669848643560483