averageError: 9.498025082710724E-6
maxError: 0.006767370729632419
percentOfTop: 0.8075471698113208
euclideanDistance: 0.08269071606264469
inversionPercent: 0.0352659608732583