averageError: 3.668199544290731E-6
maxError: 0.0023828110686215445
percentOfTop: 0.9702842377260982
euclideanDistance: 0.049309390750479694
inversionPercent: 0.053836757085487574