averageError: 2.017007277148422E-5
maxError: 8.142415267373172E-4
percentOfTop: 0.9722222222222222
euclideanDistance: 0.08067876846230247
inversionPercent: 0.013222549105413277