averageError: 2.3564152547271334E-5
maxError: 6.610099876228871E-4
percentOfTop: 0.7575757575757576
euclideanDistance: 0.16544212384719947
inversionPercent: 0.09157429761591183