averageError: 5.277773266364024E-6
maxError: 0.0012919330876261653
percentOfTop: 0.9861111111111112
euclideanDistance: 0.03752790200690193
inversionPercent: 0.008957543359219031