averageError: 0.0010644445394056205
maxError: 0.8000583748259227
percentOfTop: 0.782024484920872
euclideanDistance: 0.2936652572700056
inversionPercent: -5.251610925773068