averageError: 3.56302000400513E-6
maxError: 4.942542852076764E-4
percentOfTop: 0.9861111111111112
euclideanDistance: 0.02088809967854921
inversionPercent: 0.006231770872949343