averageError: 2.077347877770095E-5
maxError: 0.020821374370141636
percentOfTop: 0.9433962264150944
euclideanDistance: 0.33525001307050784
inversionPercent: 0.10759454623393394