averageError: 6.3341420006818E-5
maxError: 0.0033475554324171233
percentOfTop: 0.4090909090909091
euclideanDistance: 0.4355376203147829
inversionPercent: 0.16963459823171476