averageError: 4.76352206949716E-6
maxError: 0.0026981468191903547
percentOfTop: 0.9573643410852714
euclideanDistance: 0.057834570230288006
inversionPercent: 0.09323965210424262