averageError: 2.6869863284386604E-6
maxError: 0.0022884879391656815
percentOfTop: 0.979328165374677
euclideanDistance: 0.0328972399567915
inversionPercent: 0.03241763680051355