averageError: 6.749434478373797E-6
maxError: 3.451285541627145E-4
percentOfTop: 0.9393939393939394
euclideanDistance: 0.050143552360969096
inversionPercent: 0.026684932427469346