averageError: 2.409534749228642E-4
maxError: 0.16207396111402672
percentOfTop: 0.957002090176172
euclideanDistance: 0.05789892636856518
inversionPercent: 4.792421020199908