averageError: 1.724996500886607E-5
maxError: 5.876541522570273E-4
percentOfTop: 0.8333333333333334
euclideanDistance: 0.11937623256855785
inversionPercent: 0.06828725769251473