averageError: 2.3932059611206495E-5
maxError: 0.009704917642123834
percentOfTop: 0.9444444444444444
euclideanDistance: 0.2046835274175696
inversionPercent: 0.1007526655051129