averageError: 3.7828969122088356E-6
maxError: 0.00306987935600421
percentOfTop: 0.9651162790697675
euclideanDistance: 0.047551753671482996
inversionPercent: 0.09879366303099696