averageError: 1.793692988399809E-5
maxError: 0.03349871591223588
percentOfTop: 0.8565891472868217
euclideanDistance: 0.3258545277422639
inversionPercent: 0.3041626190989223