averageError: 1.3669517888121956E-5
maxError: 0.0015292466030907871
percentOfTop: 0.8939393939393939
euclideanDistance: 0.0982412098704335
inversionPercent: 0.053007687735840366