averageError: 1.6899937942483717E-4
maxError: 0.16647372738262955
percentOfTop: 0.9641684084801433
euclideanDistance: 0.04127777298183449
inversionPercent: 4.068349687859175