averageError: 2.869190605706283E-6
maxError: 0.0018390556977961534
percentOfTop: 0.9664082687338501
euclideanDistance: 0.03331377228508307
inversionPercent: 0.06726534130412934