averageError: 1.80639781328516E-5
maxError: 0.0041078242703330835
percentOfTop: 0.9166666666666666
euclideanDistance: 0.1235485851013226
inversionPercent: 0.12855693572658983