averageError: 0.0011803322274881946
maxError: 1.3511871691550383
percentOfTop: 0.7724693938489101
euclideanDistance: 0.34284852289949175
inversionPercent: -3.7326475860474893