averageError: 6.488691924915599E-5
maxError: 0.013306305950813255
percentOfTop: 0.6111111111111112
euclideanDistance: 0.4762117318237287
inversionPercent: 0.07099158746098821