averageError: 2.47430015237448E-5
maxError: 0.009356825839358176
percentOfTop: 0.8611111111111112
euclideanDistance: 0.16106436582441158
inversionPercent: 0.10300842952964975