averageError: 9.014920469361307E-6
maxError: 4.603085099793128E-4
percentOfTop: 0.8484848484848485
euclideanDistance: 0.07419185509631232
inversionPercent: 0.029201889837893225