averageError: 9.084685234969828E-6
maxError: 0.009236508720299524
percentOfTop: 0.9263565891472868
euclideanDistance: 0.13469389394445627
inversionPercent: 0.23936310702968822