averageError: 1.1453733502784658E-5
maxError: 0.0045398992726275525
percentOfTop: 0.7773584905660378
euclideanDistance: 0.10102749182584111
inversionPercent: 0.04472609789867772