averageError: 1.8569552887194932E-4
maxError: 0.16204082819598842
percentOfTop: 0.9620782323081517
euclideanDistance: 0.04695273641818006
inversionPercent: 4.349393787579579