averageError: 6.621266008358729E-4
maxError: 1.0000435420359066
percentOfTop: 0.8790683786204837
euclideanDistance: 0.1912630028748111
inversionPercent: 8.434562255774578