averageError: 7.794824877359941E-6
maxError: 0.022481168311527015
percentOfTop: 0.9509433962264151
euclideanDistance: 0.16871890432093473
inversionPercent: 0.1532240608367124