averageError: 9.497666316313469E-6
maxError: 0.0016927590212132658
percentOfTop: 0.9444444444444444
euclideanDistance: 0.06533730455876642
inversionPercent: 0.06152262589914555