averageError: 0.0015433750140909667
maxError: 1.4474744541103512
percentOfTop: 0.6769184831292924
euclideanDistance: 0.36799777708310843
inversionPercent: 8.281639440846064