averageError: 3.642529616244822E-6
maxError: 0.003148318076888864
percentOfTop: 0.9715762273901809
euclideanDistance: 0.042355584046829854
inversionPercent: 0.04175745392250332