averageError: 9.535428035880836E-6
maxError: 2.1594204569852732E-4
percentOfTop: 0.9242424242424242
euclideanDistance: 0.06364024606412269
inversionPercent: 0.03751326459234755