averageError: 1.4940087685247632E-5
maxError: 0.0053416005004464535
percentOfTop: 0.9444444444444444
euclideanDistance: 0.1352668181274507
inversionPercent: 0.06368549459845887