averageError: 1.3317607138850188E-5
maxError: 0.015637448871406164
percentOfTop: 0.8914728682170543
euclideanDistance: 0.21888162426053326
inversionPercent: 0.28823562607312414