averageError: 8.412483393005669E-6
maxError: 0.0012517342430034013
percentOfTop: 0.9722222222222222
euclideanDistance: 0.05219148808661443
inversionPercent: 0.07600137584654372