averageError: 1.8760013333911744E-5
maxError: 0.0013014511907351585
percentOfTop: 0.8484848484848485
euclideanDistance: 0.13586771874011128
inversionPercent: 0.06679518053106136