averageError: 1.4462538490763547E-5
maxError: 0.020957216894389164
percentOfTop: 0.8837209302325582
euclideanDistance: 0.26790684855628377
inversionPercent: 0.31530627700516506