averageError: 2.387263332636077E-5
maxError: 0.0010799451799268327
percentOfTop: 0.7575757575757576
euclideanDistance: 0.1744946621967799
inversionPercent: 0.0897623011896396