averageError: 3.410399387515091E-5
maxError: 0.001321342022180809
percentOfTop: 0.6212121212121212
euclideanDistance: 0.25415870228145493
inversionPercent: 0.11990946173722548