averageError: 9.43774263299118E-6
maxError: 3.4203206746620974E-4
percentOfTop: 0.8787878787878788
euclideanDistance: 0.0640834566112359
inversionPercent: 0.03594666919936085