averageError: 9.919885704099561E-7
maxError: 0.0012901856449449162
percentOfTop: 0.9811320754716981
euclideanDistance: 0.013760111013765041
inversionPercent: 0.013888714232282919