averageError: 8.413602757527676E-6
maxError: 0.0016360337324831248
percentOfTop: 0.9722222222222222
euclideanDistance: 0.05615033929537124
inversionPercent: 0.0526453336694582