averageError: 9.742484604969466E-6
maxError: 0.0012797680275511768
percentOfTop: 0.9583333333333334
euclideanDistance: 0.05796809373027316
inversionPercent: 0.023687517669769564