averageError: 5.3106090421438304E-6
maxError: 0.00626461388015833
percentOfTop: 0.9534883720930233
euclideanDistance: 0.0847213918482011
inversionPercent: 0.05478036434364712