averageError: 1.2290806672593563E-6
maxError: 0.0019457559532354632
percentOfTop: 0.9924528301886792
euclideanDistance: 0.01636533760807122
inversionPercent: 0.028184693903538047