averageError: 6.910935451358605E-6
maxError: 0.007064877665783913
percentOfTop: 0.937984496124031
euclideanDistance: 0.10234234511014073
inversionPercent: 0.07304158748188332