averageError: 1.986975659576836E-5
maxError: 0.019625975291154854
percentOfTop: 0.8204134366925064
euclideanDistance: 0.2829771139542575
inversionPercent: 0.28413767888117075