averageError: 1.2794457488619482E-5
maxError: 0.0029157459110961056
percentOfTop: 0.9444444444444444
euclideanDistance: 0.09949525035870319
inversionPercent: 0.0802160418886398