averageError: 8.917650074829164E-4
maxError: 1.5015564222257844
percentOfTop: 0.8318901164526724
euclideanDistance: 0.34577291783306846
inversionPercent: -6.931355209804129