averageError: 1.2557468149641691E-5
maxError: 9.356083276838567E-4
percentOfTop: 0.8636363636363636
euclideanDistance: 0.09048898497914296
inversionPercent: 0.04811512613182664