averageError: 0.0012409347524395015
maxError: 0.974519510596211
percentOfTop: 0.7187220065691251
euclideanDistance: 0.30852105121454726
inversionPercent: 8.908403363138484