averageError: 6.059124758149966E-6
maxError: 0.012573439624150501
percentOfTop: 0.9735849056603774
euclideanDistance: 0.12042185243092572
inversionPercent: 0.12348036375846654