averageError: 6.512528814363917E-4
maxError: 0.8705237053177155
percentOfTop: 0.8707076739325171
euclideanDistance: 0.21977481683002595
inversionPercent: 8.620216092832727