averageError: 4.2888924016573065E-6
maxError: 0.00550009483014012
percentOfTop: 0.9773584905660377
euclideanDistance: 0.06357771676607908
inversionPercent: 0.11109066689551557