averageError: 2.4229772111200508E-5
maxError: 0.004120844515864869
percentOfTop: 0.8888888888888888
euclideanDistance: 0.1856140709850768
inversionPercent: 0.07388608093352096