averageError: 3.30069897912105E-5
maxError: 0.0012189032809184156
percentOfTop: 0.6818181818181818
euclideanDistance: 0.2361162321899661
inversionPercent: 0.1199480168222362