averageError: 3.0865344380926144E-5
maxError: 0.0015665316416932536
percentOfTop: 0.7424242424242424
euclideanDistance: 0.2064419335427484
inversionPercent: 0.11294904235046979