averageError: 1.0867758163382786E-5
maxError: 0.0031439112930177864
percentOfTop: 0.9444444444444444
euclideanDistance: 0.07289419738003536
inversionPercent: 0.0750575656643705