averageError: 2.597861751811722E-5
maxError: 0.0024850738977899266
percentOfTop: 0.9166666666666666
euclideanDistance: 0.11823994817861166
inversionPercent: 0.018865693155795654