averageError: 1.3590719230742185E-5
maxError: 4.35531087310162E-4
percentOfTop: 0.8636363636363636
euclideanDistance: 0.09256670441622349
inversionPercent: 0.05061319941897996