averageError: 8.626404845903351E-4
maxError: 1.794734066151476
percentOfTop: 0.8289041504926844
euclideanDistance: 0.29377263635752354
inversionPercent: -8.580991633297158