averageError: 3.3076136532985106E-5
maxError: 0.0011772391734418699
percentOfTop: 0.696969696969697
euclideanDistance: 0.23615126653377289
inversionPercent: 0.12118066871179871