averageError: 3.495653241462607E-5
maxError: 0.0015541412376421765
percentOfTop: 0.6515151515151515
euclideanDistance: 0.2697411710416565
inversionPercent: 0.11924379639193831