averageError: 0.00158360863767455
maxError: 1.0305937958221074
percentOfTop: 0.6745297103613018
euclideanDistance: 0.4766159564419811
inversionPercent: 8.77058811364998