averageError: 0.001483896165408513
maxError: 3.228457976977877
percentOfTop: 0.7094655120931621
euclideanDistance: 0.5461806212904234
inversionPercent: -2.3998933420645834