averageError: 3.5015196039677897E-6
maxError: 0.00242843519734022
percentOfTop: 0.9651162790697675
euclideanDistance: 0.043786242077710744
inversionPercent: 0.07685150578043197