averageError: 9.182326169077324E-6
maxError: 0.017639506260472892
percentOfTop: 0.9660377358490566
euclideanDistance: 0.21034225775009543
inversionPercent: 0.16307695907464007