averageError: 4.760433659381887E-5
maxError: 0.0026805958889758513
percentOfTop: 0.48484848484848486
euclideanDistance: 0.3836995123749157
inversionPercent: 0.14613108515994414