averageError: 1.889983646713577E-5
maxError: 0.013265551831705672
percentOfTop: 0.8229974160206718
euclideanDistance: 0.2649767355088089
inversionPercent: 0.3491817070207162