averageError: 1.7821153559027556E-6
maxError: 0.0018131689582250934
percentOfTop: 0.9849056603773585
euclideanDistance: 0.025245730908067133
inversionPercent: 0.036067394289178406