averageError: 8.660070425049381E-6
maxError: 0.007068999114375044
percentOfTop: 0.9224806201550387
euclideanDistance: 0.11632621064222803
inversionPercent: 0.17263223430692362