averageError: 1.4822233231485306E-5
maxError: 0.016731792056950967
percentOfTop: 0.8837209302325582
euclideanDistance: 0.24846069737806364
inversionPercent: 0.2470688482477948