averageError: 6.692448525317174E-6
maxError: 0.004328398959622871
percentOfTop: 0.9341085271317829
euclideanDistance: 0.08454795268020904
inversionPercent: 0.20100243515552382