averageError: 3.70660222133636E-6
maxError: 0.004144255031320598
percentOfTop: 0.9677002583979328
euclideanDistance: 0.05043757491808201
inversionPercent: 0.07862587437477928