averageError: 2.6404062341872404E-5
maxError: 0.00726586689017082
percentOfTop: 0.8888888888888888
euclideanDistance: 0.22069794737445184
inversionPercent: 0.13065397558208247