averageError: 1.9496106591474995E-6
maxError: 0.0023511765073561536
percentOfTop: 0.9849056603773585
euclideanDistance: 0.02647863539276636
inversionPercent: 0.06182878949132696