averageError: 2.53309584909155E-5
maxError: 0.0019325550932751054
percentOfTop: 0.7121212121212122
euclideanDistance: 0.20317626634158442
inversionPercent: 0.08909941292130398