averageError: 3.6142699359922544E-6
maxError: 7.365365287748289E-4
percentOfTop: 0.9861111111111112
euclideanDistance: 0.020816030245945673
inversionPercent: 0.04322935919018668