averageError: 3.108973872768169E-5
maxError: 0.0016595605175335091
percentOfTop: 0.696969696969697
euclideanDistance: 0.22514485131333364
inversionPercent: 0.11284420769554869