averageError: 2.890757169718216E-5
maxError: 0.001179774633042776
percentOfTop: 0.6212121212121212
euclideanDistance: 0.19267609514452835
inversionPercent: 0.10006354414911312