averageError: 2.166188880093771E-6
maxError: 0.004470187737146983
percentOfTop: 0.9886792452830189
euclideanDistance: 0.0415628306781456
inversionPercent: 0.0310191501872987