averageError: 2.9122805289264988E-6
maxError: 0.0018528412194572207
percentOfTop: 0.9806201550387597
euclideanDistance: 0.032117723801496356
inversionPercent: 0.06803210003391344