averageError: 4.885254991571909E-6
maxError: 7.19507652411161E-4
percentOfTop: 0.9861111111111112
euclideanDistance: 0.029409571259232017
inversionPercent: 0.02380234277189614