averageError: 8.978616871596164E-6
maxError: 0.006928704151621813
percentOfTop: 0.9186046511627907
euclideanDistance: 0.10297600226659431
inversionPercent: 0.14798429279656733