averageError: 4.457956657958483E-4
maxError: 0.26539725205958353
percentOfTop: 0.916990146312332
euclideanDistance: 0.10622932950446438
inversionPercent: 7.282743963531103