averageError: 6.813543180410092E-6
maxError: 0.00676717376497973
percentOfTop: 0.9328165374677002
euclideanDistance: 0.111620674110822
inversionPercent: 0.13047908217210671