averageError: 4.4333972853603305E-4
maxError: 0.5245690467154334
percentOfTop: 0.9101224246043595
euclideanDistance: 0.11722332170226998
inversionPercent: 6.434053626243657