averageError: 7.119865902552364E-6
maxError: 0.008034102477756364
percentOfTop: 0.9470284237726099
euclideanDistance: 0.09173316577489835
inversionPercent: 0.20377632495019263