averageError: 2.804594795093543E-5
maxError: 0.00151639008824506
percentOfTop: 0.696969696969697
euclideanDistance: 0.19670514800957717
inversionPercent: 0.10552457340510966