averageError: 1.13282671168226E-6
maxError: 0.001424249576664198
percentOfTop: 0.9924528301886792
euclideanDistance: 0.018349714640006988
inversionPercent: 0.014413120632262145