averageError: 2.13754910236838E-5
maxError: 0.003439501953370656
percentOfTop: 0.6818181818181818
euclideanDistance: 0.23615040900518675
inversionPercent: 0.06721164950456253