averageError: 3.2393235840471896E-4
maxError: 0.2383241791725399
percentOfTop: 0.9346073454762616
euclideanDistance: 0.08418027227803686
inversionPercent: 5.3681427612864425