averageError: 5.419211297509672E-6
maxError: 4.360482151011501E-4
percentOfTop: 0.9861111111111112
euclideanDistance: 0.02985311926220688
inversionPercent: 0.009994446432173471