averageError: 2.6266769018130946E-5
maxError: 0.001757810644563736
percentOfTop: 0.9722222222222222
euclideanDistance: 0.11767525657992817
inversionPercent: 0.01890275645441738