averageError: 2.7584520902476284E-6
maxError: 0.004447499227876073
percentOfTop: 0.9767441860465116
euclideanDistance: 0.03553063562293377
inversionPercent: 0.03332755766641111