averageError: 7.3423844828142846E-6
maxError: 0.017089400127901302
percentOfTop: 0.9811320754716981
euclideanDistance: 0.1780559528348631
inversionPercent: 0.16680199141345797