averageError: 1.3350964755234845E-5
maxError: 0.002643433290976202
percentOfTop: 0.9166666666666666
euclideanDistance: 0.09141598249790293
inversionPercent: 0.03630231560663196