averageError: 1.8902891927198446E-5
maxError: 5.166396228308704E-4
percentOfTop: 0.7727272727272727
euclideanDistance: 0.13383479657822256
inversionPercent: 0.06721030725070261