averageError: 2.3216835079285414E-6
maxError: 0.005588111326024117
percentOfTop: 0.9811320754716981
euclideanDistance: 0.039541254276277804
inversionPercent: 0.03091113464754523