averageError: 5.347392867286421E-6
maxError: 0.001407871042454576
percentOfTop: 0.9722222222222222
euclideanDistance: 0.035386819873542974
inversionPercent: 0.03189043962485462