averageError: 1.5317463565517544E-6
maxError: 0.0015494111001025795
percentOfTop: 0.9886792452830189
euclideanDistance: 0.021410754789662693
inversionPercent: 0.044661960283444484