averageError: 1.3339103587133507E-5
maxError: 0.0026346487990852423
percentOfTop: 0.9305555555555556
euclideanDistance: 0.09006316419962035
inversionPercent: 0.07217856133156025