averageError: 2.5544741908526223E-5
maxError: 0.0012144764959964721
percentOfTop: 0.9305555555555556
euclideanDistance: 0.111061958002172
inversionPercent: 0.018751223671672913