averageError: 2.1691354406873338E-5
maxError: 0.004499944548275228
percentOfTop: 0.9166666666666666
euclideanDistance: 0.13240539803735205
inversionPercent: 0.0795669600054212