averageError: 4.879772524457936E-5
maxError: 0.005499537284605406
percentOfTop: 0.4696969696969697
euclideanDistance: 0.4233734152221614
inversionPercent: 0.14263608753179927