averageError: 2.6041928322803198E-5
maxError: 0.005065364395014626
percentOfTop: 0.9166666666666666
euclideanDistance: 0.19822528660505617
inversionPercent: 0.12900272265095045