averageError: 2.5952199569984796E-6
maxError: 0.00429273530668596
percentOfTop: 0.969811320754717
euclideanDistance: 0.04365655290539233
inversionPercent: 0.022733530209017944