averageError: 1.4864611104572338E-5
maxError: 0.039252729894624756
percentOfTop: 0.8733850129198967
euclideanDistance: 0.328062638238428
inversionPercent: 0.2925786042730364