averageError: 9.917533517119005E-6
maxError: 4.828508950942087E-4
percentOfTop: 0.8787878787878788
euclideanDistance: 0.07225059285458038
inversionPercent: 0.03920163480965984