averageError: 1.254370814480427E-5
maxError: 0.0020892365328666826
percentOfTop: 0.7727272727272727
euclideanDistance: 0.10778070389080623
inversionPercent: 0.03863751791156778