averageError: 6.692155144365347E-6
maxError: 2.773987703460468E-4
percentOfTop: 0.9242424242424242
euclideanDistance: 0.047749776415013614
inversionPercent: 0.025218959789360566