averageError: 7.5195536084697E-6
maxError: 0.024238711269395724
percentOfTop: 0.9660377358490566
euclideanDistance: 0.195454956242371
inversionPercent: 0.08337061901130854