averageError: 3.548150876859017E-6
maxError: 8.344743119206091E-4
percentOfTop: 0.9861111111111112
euclideanDistance: 0.0247643030401825
inversionPercent: 0.009678420566100398