averageError: 4.7962930586350734E-5
maxError: 0.005126028589206855
percentOfTop: 0.6388888888888888
euclideanDistance: 0.30142599701427925
inversionPercent: 0.057230553671548445