averageError: 2.6048748773539756E-6
maxError: 0.002491855778619753
percentOfTop: 0.9728682170542635
euclideanDistance: 0.032069515109198865
inversionPercent: 0.03676186742348564