averageError: 3.776614102026668E-6
maxError: 0.0019092939155152533
percentOfTop: 0.9560723514211886
euclideanDistance: 0.043497064524901916
inversionPercent: 0.09825183498444992