averageError: 4.763777843719137E-6
maxError: 0.006255007770688964
percentOfTop: 0.939622641509434
euclideanDistance: 0.09517484161480999
inversionPercent: 0.04635859524155508