averageError: 4.874422910579869E-6
maxError: 0.005910978461239655
percentOfTop: 0.9496124031007752
euclideanDistance: 0.07021698281719697
inversionPercent: 0.09233085699858125