averageError: 1.5746629516551972E-5
maxError: 0.020260676525884008
percentOfTop: 0.8837209302325582
euclideanDistance: 0.2760104434351292
inversionPercent: 0.3148667368831697