averageError: 1.6466698262155197E-5
maxError: 0.0031525762253967454
percentOfTop: 0.9444444444444444
euclideanDistance: 0.12106096562883109
inversionPercent: 0.07942641186768402