averageError: 3.7605787817487124E-6
maxError: 0.0019032194852254241
percentOfTop: 0.9651162790697675
euclideanDistance: 0.04817285475604083
inversionPercent: 0.07664728979579954