averageError: 3.58285198011908E-6
maxError: 0.002346234776467962
percentOfTop: 0.9664082687338501
euclideanDistance: 0.04659075044887338
inversionPercent: 0.041310509352266774