averageError: 4.8041850314673344E-6
maxError: 0.007559583268246267
percentOfTop: 0.9612403100775194
euclideanDistance: 0.07850638650780994
inversionPercent: 0.07706507350624828