averageError: 1.6516300256258088E-5
maxError: 0.04134226769222475
percentOfTop: 0.8552971576227391
euclideanDistance: 0.3277798029665322
inversionPercent: 0.30356004853397417