averageError: 4.765207748055333E-6
maxError: 8.267557518308512E-4
percentOfTop: 0.9861111111111112
euclideanDistance: 0.027488409171469178
inversionPercent: 0.05872703374478995