averageError: 9.399851853583394E-6
maxError: 0.00975622923133343
percentOfTop: 0.9186046511627907
euclideanDistance: 0.1363501479348709
inversionPercent: 0.20364359414867567