averageError: 9.551713365721016E-6
maxError: 2.5614857045707946E-4
percentOfTop: 0.8636363636363636
euclideanDistance: 0.061494062007000874
inversionPercent: 0.03701315931798878