averageError: 6.342630245787706E-5
maxError: 0.004846144713482225
percentOfTop: 0.2878787878787879
euclideanDistance: 0.6386735234549483
inversionPercent: 0.13944809576064854