averageError: 7.918263482504567E-4
maxError: 0.6187363320562325
percentOfTop: 0.8423409973126307
euclideanDistance: 0.20332679552318678
inversionPercent: -8.052192099605945