averageError: 9.500624929321016E-6
maxError: 0.002206899851652372
percentOfTop: 0.9722222222222222
euclideanDistance: 0.06645983642622574
inversionPercent: 0.06523618666072917