averageError: 2.046107129826969E-5
maxError: 0.00779226407448279
percentOfTop: 0.9305555555555556
euclideanDistance: 0.19976957935615788
inversionPercent: 0.1299052416315675