averageError: 6.421649015012558E-6
maxError: 9.841645583039925E-4
percentOfTop: 0.9861111111111112
euclideanDistance: 0.04015396931962685
inversionPercent: 0.0378123881902422