averageError: 1.7674138187794818E-6
maxError: 0.0022775625410588127
percentOfTop: 0.9811320754716981
euclideanDistance: 0.022567620263152215
inversionPercent: 0.061161366795779395