averageError: 1.0721568638716251E-5
maxError: 0.025079379826435565
percentOfTop: 0.917312661498708
euclideanDistance: 0.22288786109934164
inversionPercent: 0.2519454320646005