averageError: 4.624819304841384E-6
maxError: 8.8461208192556E-4
percentOfTop: 0.9861111111111112
euclideanDistance: 0.028051104218387274
inversionPercent: 0.01700106942236375