averageError: 0.001278870034744481
maxError: 0.8287557504615468
percentOfTop: 0.787996416840848
euclideanDistance: 0.20454406655106339
inversionPercent: 7.8614323486647955