averageError: 1.251479635917175E-5
maxError: 0.002650080463480224
percentOfTop: 0.9722222222222222
euclideanDistance: 0.09568560355038884
inversionPercent: 0.09508427257645836