averageError: 1.5088721975636104E-5
maxError: 0.03855815215403369
percentOfTop: 0.8875968992248062
euclideanDistance: 0.33101362602833345
inversionPercent: 0.26697700889345377