averageError: 1.9529611139743543E-5
maxError: 0.01916937115564961
percentOfTop: 0.838501291989664
euclideanDistance: 0.3469971872486663
inversionPercent: 0.2662569011470008