averageError: 3.1804147218720297E-6
maxError: 0.0075327306312141795
percentOfTop: 0.9849056603773585
euclideanDistance: 0.06100542387544184
inversionPercent: 0.06342427437670597