averageError: 9.575262719081501E-6
maxError: 2.448349625677887E-4
percentOfTop: 0.8636363636363636
euclideanDistance: 0.06304296647369356
inversionPercent: 0.037624532808873096