averageError: 6.455285159956339E-6
maxError: 3.423975377313086E-4
percentOfTop: 0.9242424242424242
euclideanDistance: 0.04459296628999631
inversionPercent: 0.025171610627336593