averageError: 3.4692497011276783E-6
maxError: 0.0068207575613888904
percentOfTop: 0.9811320754716981
euclideanDistance: 0.05390348432371309
inversionPercent: 0.10485241421679567