averageError: 1.7247214214570577E-5
maxError: 8.908354319179142E-4
percentOfTop: 0.8484848484848485
euclideanDistance: 0.11386485714346888
inversionPercent: 0.06831401020048135