averageError: 1.7152669206099848E-5
maxError: 0.005529764878076316
percentOfTop: 0.8268733850129198
euclideanDistance: 0.15915593993893284
inversionPercent: 0.06774104070285926