averageError: 4.4814819079315544E-5
maxError: 0.0031408947116571377
percentOfTop: 0.4393939393939394
euclideanDistance: 0.35750634635002077
inversionPercent: 0.15098000037120263