averageError: 8.819298908465314E-6
maxError: 0.001469621985233975
percentOfTop: 0.8787878787878788
euclideanDistance: 0.08272735975645756
inversionPercent: 0.028176407888916552