averageError: 9.412801019689283E-6
maxError: 0.002627706307796091
percentOfTop: 0.9444444444444444
euclideanDistance: 0.0686485695033206
inversionPercent: 0.09073810689916709