averageError: 6.613022441078216E-6
maxError: 0.006580523999225763
percentOfTop: 0.9470284237726099
euclideanDistance: 0.09635689869268324
inversionPercent: 0.17422742235642305