averageError: 3.56692000577905E-6
maxError: 0.003230387519770936
percentOfTop: 0.962532299741602
euclideanDistance: 0.05005777185569329
inversionPercent: 0.05203112053017431