averageError: 1.3952080743109072E-5
maxError: 0.0218017600592864
percentOfTop: 0.8940568475452196
euclideanDistance: 0.2515910032502955
inversionPercent: 0.2492508912019946