averageError: 5.1427641580964355E-6
maxError: 0.001344955228323971
percentOfTop: 0.9861111111111112
euclideanDistance: 0.038454384491975045
inversionPercent: 0.033891383593089235