averageError: 8.644886221806476E-6
maxError: 0.013412259415590187
percentOfTop: 0.9263565891472868
euclideanDistance: 0.16241162589170702
inversionPercent: 0.21739523130710287