averageError: 1.1363225758089961E-5
maxError: 0.0025903574622531504
percentOfTop: 0.9444444444444444
euclideanDistance: 0.05696475938915959
inversionPercent: 0.06099619271413785