averageError: 9.727953286327598E-6
maxError: 3.1254966850554873E-4
percentOfTop: 0.9090909090909091
euclideanDistance: 0.06450747469110005
inversionPercent: 0.037625689924269574