averageError: 1.7433213345755732E-5
maxError: 8.029195426441614E-4
percentOfTop: 0.8181818181818182
euclideanDistance: 0.11331332441844397
inversionPercent: 0.06377413736931481