averageError: 9.59826761781108E-6
maxError: 0.004539525338123365
percentOfTop: 0.8226415094339623
euclideanDistance: 0.08411222738752384
inversionPercent: 0.033423450435059024