averageError: 1.4107618555890475E-5
maxError: 0.008788968923075194
percentOfTop: 0.8603773584905661
euclideanDistance: 0.1549253192629978
inversionPercent: 0.06300569204571015