averageError: 2.3489241751317998E-5
maxError: 0.0033865118179503984
percentOfTop: 0.8888888888888888
euclideanDistance: 0.14801742223038813
inversionPercent: 0.10188550641287922