averageError: 2.430888574147199E-5
maxError: 0.001918382974010393
percentOfTop: 0.803030303030303
euclideanDistance: 0.17333259600411163
inversionPercent: 0.09080074283105685