averageError: 4.981771580285956E-6
maxError: 9.639783787043048E-4
percentOfTop: 0.9722222222222222
euclideanDistance: 0.033245286011469345
inversionPercent: 0.04606604498054078