averageError: 0.0014773602454002674
maxError: 1.7123600064395799
percentOfTop: 0.7261869214690952
euclideanDistance: 0.3945341955315197
inversionPercent: 4.086446664207409