averageError: 3.5912823390114475E-6
maxError: 6.499692853766913E-4
percentOfTop: 0.9861111111111112
euclideanDistance: 0.026145998147595658
inversionPercent: 0.010698649105986217