averageError: 9.257253841225474E-6
maxError: 8.924841269757526E-4
percentOfTop: 0.9861111111111112
euclideanDistance: 0.052981982194663456
inversionPercent: 0.021304323860525828