averageError: 2.4417539642456223E-5
maxError: 0.00830271981241789
percentOfTop: 0.7596899224806202
euclideanDistance: 0.309287565777484
inversionPercent: 0.10942063842059499