averageError: 7.503409060632931E-6
maxError: 8.376374387941473E-4
percentOfTop: 0.9722222222222222
euclideanDistance: 0.04581272369294759
inversionPercent: 0.015684057901723385