averageError: 3.0811038311932794E-6
maxError: 0.004978168152310558
percentOfTop: 0.9735849056603774
euclideanDistance: 0.05557824657634479
inversionPercent: 0.03207312207469505