averageError: 6.843764565176639E-4
maxError: 0.35653617969224394
percentOfTop: 0.8692146909525231
euclideanDistance: 0.1258885252015784
inversionPercent: 6.875227004990531