averageError: 4.5340160085107115E-6
maxError: 8.144998608503855E-4
percentOfTop: 0.9722222222222222
euclideanDistance: 0.03188331197805908
inversionPercent: 0.03259638087557499