averageError: 2.902829678399033E-6
maxError: 0.00421754023684856
percentOfTop: 0.9622641509433962
euclideanDistance: 0.05130668044649574
inversionPercent: 0.03255873544717525