averageError: 3.277227686959879E-6
maxError: 0.002800898245606564
percentOfTop: 0.9849056603773585
euclideanDistance: 0.04682803052255451
inversionPercent: 0.0646713097026869