averageError: 4.877945180979081E-6
maxError: 0.0034591674799082407
percentOfTop: 0.9599483204134367
euclideanDistance: 0.06498405265147802
inversionPercent: 0.13503350442395126