averageError: 8.271019377966183E-4
maxError: 0.9376872306164268
percentOfTop: 0.8354732756046581
euclideanDistance: 0.25260764318300866
inversionPercent: -8.05899471176147