averageError: 1.7570195957776985E-5
maxError: 0.003407009350255636
percentOfTop: 0.9444444444444444
euclideanDistance: 0.13444666284136814
inversionPercent: 0.05259159583776786