averageError: 0.0013344146398153647
maxError: 1.5214637516438136
percentOfTop: 0.731263063601075
euclideanDistance: 0.3250158590269391
inversionPercent: -1.2169671293577984