averageError: 1.8248967156061847E-5
maxError: 4.377572724171947E-4
percentOfTop: 0.803030303030303
euclideanDistance: 0.1263771991724622
inversionPercent: 0.06907798406985348