averageError: 3.000849168443937E-5
maxError: 0.00589213601588043
percentOfTop: 0.875
euclideanDistance: 0.21321833316842803
inversionPercent: 0.15513400772995