averageError: 2.4623605805180558E-5
maxError: 0.007447992815691487
percentOfTop: 0.9166666666666666
euclideanDistance: 0.21572876693459211
inversionPercent: 0.12301905460534206