averageError: 3.594359674967842E-5
maxError: 0.010712962241296095
percentOfTop: 0.8194444444444444
euclideanDistance: 0.3106401942300451
inversionPercent: 0.08796424695615684