averageError: 1.790448803158926E-5
maxError: 0.007052411419840997
percentOfTop: 0.9305555555555556
euclideanDistance: 0.13979381466828705
inversionPercent: 0.11369332807282108