averageError: 7.050715572900638E-6
maxError: 6.69015608829187E-4
percentOfTop: 0.9242424242424242
euclideanDistance: 0.049574349047192025
inversionPercent: 0.026572877372474196