averageError: 4.913905327585452E-6
maxError: 0.005044618050305177
percentOfTop: 0.9547803617571059
euclideanDistance: 0.0651062573384468
inversionPercent: 0.05353469702901291