averageError: 4.650816885895705E-5
maxError: 0.0017202586489875847
percentOfTop: 0.5454545454545454
euclideanDistance: 0.345216752075999
inversionPercent: 0.1465097858869042