averageError: 0.002034776315853524
maxError: 4.002365445507667
percentOfTop: 0.6598984771573604
euclideanDistance: 0.7743827501566204
inversionPercent: -6.261634421268569