averageError: 1.7028265707672255E-5
maxError: 0.018075472156122624
percentOfTop: 0.8617571059431525
euclideanDistance: 0.2684190732630115
inversionPercent: 0.32333852893976567