averageError: 1.7313594170845702E-5
maxError: 0.00432633666534967
percentOfTop: 0.9027777777777778
euclideanDistance: 0.130608688248856
inversionPercent: 0.1019242292621855