averageError: 6.659403830362483E-4
maxError: 0.16936155827727983
percentOfTop: 0.8814571513884741
euclideanDistance: 0.11224473804074683
inversionPercent: 6.846179987885995