averageError: 4.459423806430062E-5
maxError: 0.0016974823789941992
percentOfTop: 0.48484848484848486
euclideanDistance: 0.34800198316060127
inversionPercent: 0.13305350580277173