averageError: 5.1267680854865695E-6
maxError: 0.005302135223878138
percentOfTop: 0.9534883720930233
euclideanDistance: 0.06332446518900003
inversionPercent: 0.15973259403975984