averageError: 4.607803777676413E-6
maxError: 6.284837716556153E-4
percentOfTop: 0.9861111111111112
euclideanDistance: 0.028922519467849652
inversionPercent: 0.024007771438777102