averageError: 6.9079385637495545E-6
maxError: 3.140432018952561E-4
percentOfTop: 0.9545454545454546
euclideanDistance: 0.04986553118917585
inversionPercent: 0.026096423536819482