averageError: 3.941114642071378E-5
maxError: 0.003811386878986014
percentOfTop: 0.6212121212121212
euclideanDistance: 0.3338608251804744
inversionPercent: 0.12737503142146858