averageError: 6.405051065926916E-6
maxError: 0.012693968729483057
percentOfTop: 0.9405684754521964
euclideanDistance: 0.10076052975551895
inversionPercent: 0.15084944374754375