averageError: 8.248807030862935E-6
maxError: 0.007066000510083735
percentOfTop: 0.9211886304909561
euclideanDistance: 0.12311363140317172
inversionPercent: 0.1666743346998492