averageError: 4.408715247039354E-5
maxError: 0.013325743658859
percentOfTop: 0.6363636363636364
euclideanDistance: 0.34232776207187604
inversionPercent: 0.144116871246983