averageError: 5.0477569088563174E-6
maxError: 0.009554690148713997
percentOfTop: 0.9622641509433962
euclideanDistance: 0.07882573440204076
inversionPercent: 0.1292678411722999