averageError: 2.1435416587951517E-5
maxError: 0.024204105711341777
percentOfTop: 0.8867924528301887
euclideanDistance: 0.3600997001740226
inversionPercent: 0.10958754337196729