averageError: 3.327666854299923E-5
maxError: 0.002515449876805454
percentOfTop: 0.9166666666666666
euclideanDistance: 0.15894573817456017
inversionPercent: 0.025472403944119766