averageError: 9.105680493585838E-6
maxError: 0.029336302480380622
percentOfTop: 0.9660377358490566
euclideanDistance: 0.2550168553512963
inversionPercent: 0.15386929774419045