averageError: 3.737601009758858E-6
maxError: 0.002988081125577055
percentOfTop: 0.9612403100775194
euclideanDistance: 0.05275443876064731
inversionPercent: 0.0620741069094272