averageError: 3.6163791557858315E-6
maxError: 0.0011214663766958496
percentOfTop: 0.9861111111111112
euclideanDistance: 0.029083096975225698
inversionPercent: 0.014110132129869325