averageError: 8.682048418239539E-6
maxError: 0.01335674870407047
percentOfTop: 0.9302325581395349
euclideanDistance: 0.14483900893484486
inversionPercent: 0.19217054305887774