averageError: 1.6040111979323265E-6
maxError: 0.001866577796614713
percentOfTop: 0.9849056603773585
euclideanDistance: 0.02078882042942088
inversionPercent: 0.044221172190036184