averageError: 9.343211942392683E-6
maxError: 0.014415941666332546
percentOfTop: 0.9108527131782945
euclideanDistance: 0.1444374812044764
inversionPercent: 0.10077178594174103