averageError: 0.0011960706469793345
maxError: 1.5444085709900568
percentOfTop: 0.7530606151089878
euclideanDistance: 0.41718440101750986
inversionPercent: -6.102467759112292