averageError: 7.389499231595886E-6
maxError: 0.0019859136817864283
percentOfTop: 0.9722222222222222
euclideanDistance: 0.06068305550477644
inversionPercent: 0.02805790488443304