averageError: 3.118065561899387E-5
maxError: 0.024560696202623744
percentOfTop: 0.7919896640826873
euclideanDistance: 0.5964095107795708
inversionPercent: 0.17265653226129582