averageError: 2.5032641596993318E-5
maxError: 0.0011769623722087605
percentOfTop: 0.8333333333333334
euclideanDistance: 0.18336921263160663
inversionPercent: 0.09007675886978707