averageError: 1.3374651294361535E-5
maxError: 0.00129690225403966
percentOfTop: 0.8636363636363636
euclideanDistance: 0.11211833818307998
inversionPercent: 0.050202562307077044