averageError: 2.895426781505039E-5
maxError: 0.010663859023892193
percentOfTop: 0.875
euclideanDistance: 0.3348426396868128
inversionPercent: 0.10474740156839393