averageError: 6.794590626388543E-6
maxError: 0.01032108267938437
percentOfTop: 0.9444444444444444
euclideanDistance: 0.1079094361509813
inversionPercent: 0.14794443780641808