averageError: 3.078836967615511E-5
maxError: 0.024208226407303916
percentOfTop: 0.8036175710594315
euclideanDistance: 0.534158552567396
inversionPercent: 0.17568476100581323