averageError: 6.7623419444502685E-6
maxError: 8.067509327624196E-4
percentOfTop: 0.9583333333333334
euclideanDistance: 0.04163111218944335
inversionPercent: 0.047588919812289014