averageError: 2.6380529435032448E-5
maxError: 0.01655155098606788
percentOfTop: 0.8036175710594315
euclideanDistance: 0.41284977598260136
inversionPercent: 0.1411155916026535