averageError: 2.5490715372927506E-5
maxError: 0.0057190370036308
percentOfTop: 0.7272727272727273
euclideanDistance: 0.19599600929107425
inversionPercent: 0.09095649056342309