averageError: 3.369421923032125E-5
maxError: 0.0068649672923126286
percentOfTop: 0.8472222222222222
euclideanDistance: 0.24270222985301088
inversionPercent: 0.11899179925126604