averageError: 2.6530676206379093E-6
maxError: 0.001980192201745515
percentOfTop: 0.9780361757105943
euclideanDistance: 0.031586996981274616
inversionPercent: 0.051953273795524384