averageError: 9.4614250188355E-6
maxError: 0.0032332502940749623
percentOfTop: 0.9722222222222222
euclideanDistance: 0.0781416060439868
inversionPercent: 0.05405946841825656