averageError: 2.3977394965279304E-5
maxError: 0.013401031272099947
percentOfTop: 0.7596899224806202
euclideanDistance: 0.31426534208476903
inversionPercent: 0.11007653876935007