averageError: 4.54837764903287E-5
maxError: 0.0031393515353932908
percentOfTop: 0.4696969696969697
euclideanDistance: 0.35189697167890455
inversionPercent: 0.13862011026754312