averageError: 5.4901382849022675E-5
maxError: 0.013456529247062225
percentOfTop: 0.3939393939393939
euclideanDistance: 0.6479705206443785
inversionPercent: 0.14970282268118357