averageError: 2.4931288621347072E-6
maxError: 0.0026632003263769716
percentOfTop: 0.9924528301886792
euclideanDistance: 0.037414387335791874
inversionPercent: 0.0715193619510025