averageError: 1.6397454272112957E-5
maxError: 0.0038988464945657712
percentOfTop: 0.9305555555555556
euclideanDistance: 0.12222006208337187
inversionPercent: 0.0839984344905209