averageError: 1.3028012993551269E-5
maxError: 4.993638645455385E-4
percentOfTop: 0.8939393939393939
euclideanDistance: 0.08877780810258988
inversionPercent: 0.05066897238109031