averageError: 1.0710546328080353E-5
maxError: 0.016224855859503905
percentOfTop: 0.9095607235142119
euclideanDistance: 0.1658655504062117
inversionPercent: 0.21081119001223814