averageError: 1.3995049808684206E-5
maxError: 7.587404118367183E-4
percentOfTop: 0.9722222222222222
euclideanDistance: 0.05671447182715882
inversionPercent: 0.009683675809934822