averageError: 3.8803897569828545E-6
maxError: 0.0044368666223637
percentOfTop: 0.9715762273901809
euclideanDistance: 0.048062947487910436
inversionPercent: 0.12337701005259619