averageError: 1.7053097640303128E-5
maxError: 0.005630716034380978
percentOfTop: 0.8449612403100775
euclideanDistance: 0.16150591724654328
inversionPercent: 0.06718010314265002