averageError: 1.842017516842593E-5
maxError: 0.005569881950877768
percentOfTop: 0.9027777777777778
euclideanDistance: 0.15011196829401818
inversionPercent: 0.0807434233883244