averageError: 6.879200744757345E-6
maxError: 2.1390028774539646E-4
percentOfTop: 0.9242424242424242
euclideanDistance: 0.04798603515070831
inversionPercent: 0.026835542567475217