averageError: 1.7263667213605706E-4
maxError: 0.23265406827468293
percentOfTop: 0.9698417438041206
euclideanDistance: 0.04885713992799227
inversionPercent: 3.962380222493775