averageError: 3.5810063000365182E-6
maxError: 5.637959213608233E-4
percentOfTop: 0.9861111111111112
euclideanDistance: 0.024456323839719806
inversionPercent: 0.030026961771657285