averageError: 3.5190645841989365E-5
maxError: 0.00783817840206948
percentOfTop: 0.8333333333333334
euclideanDistance: 0.19648365506241264
inversionPercent: 0.14313577238551126