averageError: 0.0010507940581119127
maxError: 1.253651596460109
percentOfTop: 0.7909823828008361
euclideanDistance: 0.2916150606159803
inversionPercent: -6.453575914187694