averageError: 1.3771945241291424E-6
maxError: 0.0016759409267127906
percentOfTop: 0.9849056603773585
euclideanDistance: 0.016827119259072827
inversionPercent: 0.041644750175542374