averageError: 7.282272743317357E-6
maxError: 0.02029797221495664
percentOfTop: 0.969811320754717
euclideanDistance: 0.20593875455951918
inversionPercent: 0.10502223037365646