averageError: 9.04517256619121E-6
maxError: 0.0065958224609112825
percentOfTop: 0.9224806201550387
euclideanDistance: 0.11359215754973472
inversionPercent: 0.24057625277653197