averageError: 1.3458613991575065E-5
maxError: 0.01655158329408579
percentOfTop: 0.8682170542635659
euclideanDistance: 0.22265617788568515
inversionPercent: 0.2695584138117348