averageError: 1.2327044300304025E-5
maxError: 0.0029097647895493604
percentOfTop: 0.9305555555555556
euclideanDistance: 0.08656491614955474
inversionPercent: 0.06203831151781518