averageError: 5.16975085453429E-5
maxError: 0.009533170921574158
percentOfTop: 0.6805555555555556
euclideanDistance: 0.33750290133015953
inversionPercent: 0.05620688749095891