averageError: 5.0814038568815984E-6
maxError: 0.0010301951225555536
percentOfTop: 0.9861111111111112
euclideanDistance: 0.03297266965477851
inversionPercent: 0.045064308576854284