averageError: 4.4167799983185025E-6
maxError: 0.0010680740877072083
percentOfTop: 0.9861111111111112
euclideanDistance: 0.02485590851555366
inversionPercent: 0.006429850101084418