averageError: 4.153051829444597E-5
maxError: 0.002948144207689962
percentOfTop: 0.8611111111111112
euclideanDistance: 0.22303157928017178
inversionPercent: 0.040053769442179574