averageError: 1.768528500925456E-4
maxError: 0.10018285750224176
percentOfTop: 0.9632726186921469
euclideanDistance: 0.044224836609307754
inversionPercent: 4.1175040568161485