averageError: 1.701688332422643E-5
maxError: 0.026736384160048622
percentOfTop: 0.8565891472868217
euclideanDistance: 0.3036662281288323
inversionPercent: 0.2090300337110619