averageError: 3.079033587710758E-6
maxError: 0.0037753645098376892
percentOfTop: 0.9773584905660377
euclideanDistance: 0.050912703944230364
inversionPercent: 0.0305606619725534