averageError: 4.831167416145983E-6
maxError: 0.011011883450781398
percentOfTop: 0.9849056603773585
euclideanDistance: 0.11375664706902333
inversionPercent: 0.11300952783292717