averageError: 5.066223406457903E-6
maxError: 0.004490314720128397
percentOfTop: 0.9560723514211886
euclideanDistance: 0.06927063091350491
inversionPercent: 0.11051005589651715