averageError: 5.662677416635718E-5
maxError: 0.0034162809861203553
percentOfTop: 0.3181818181818182
euclideanDistance: 0.4736979617543839
inversionPercent: 0.15676872470748238