averageError: 3.5652866829469576E-6
maxError: 5.605617234427998E-4
percentOfTop: 0.9861111111111112
euclideanDistance: 0.020056155966487514
inversionPercent: 0.021015048370963317