averageError: 4.717338319491753E-6
maxError: 0.003269046409404357
percentOfTop: 0.9735849056603774
euclideanDistance: 0.06499352271747859
inversionPercent: 0.14647437937397983