averageError: 7.918310659409916E-6
maxError: 0.0022449795055721096
percentOfTop: 0.9861111111111112
euclideanDistance: 0.055107592539816556
inversionPercent: 0.02867841878801038