averageError: 6.550384091939747E-5
maxError: 0.013409122926844406
percentOfTop: 0.3787878787878788
euclideanDistance: 0.8409974963873879
inversionPercent: 0.1654745369582889