averageError: 1.6759127730374312E-4
maxError: 0.18143579491897266
percentOfTop: 0.9650641982681397
euclideanDistance: 0.04678475626286056
inversionPercent: 4.035360402666806