averageError: 1.0808121329665201E-6
maxError: 0.0013165050000810002
percentOfTop: 0.9849056603773585
euclideanDistance: 0.011842393614178201
inversionPercent: 0.010859867642869876