averageError: 9.559806143514748E-6
maxError: 0.0025294181178702156
percentOfTop: 0.9722222222222222
euclideanDistance: 0.07850643925025003
inversionPercent: 0.055301958210538106