averageError: 1.0534460647082015E-5
maxError: 0.00945429329138834
percentOfTop: 0.9186046511627907
euclideanDistance: 0.14746027277232812
inversionPercent: 0.23172674152598957