averageError: 2.5492356182636532E-5
maxError: 9.375581830189349E-4
percentOfTop: 0.7575757575757576
euclideanDistance: 0.1751807641486738
inversionPercent: 0.09503120300520457