averageError: 6.865110990853185E-6
maxError: 8.807056956649482E-4
percentOfTop: 0.9393939393939394
euclideanDistance: 0.04868742767430471
inversionPercent: 0.026694467058336342