averageError: 2.458514041068342E-4
maxError: 0.15349821292158572
percentOfTop: 0.9519259480441923
euclideanDistance: 0.06574396679476886
inversionPercent: 4.5565037286395444