averageError: 4.5228756650135225E-6
maxError: 0.0054479680289149235
percentOfTop: 0.9811320754716981
euclideanDistance: 0.07049079326603626
inversionPercent: 0.0837433916134725