averageError: 9.254775709112819E-6
maxError: 0.01617167127203686
percentOfTop: 0.9211886304909561
euclideanDistance: 0.15562937328825416
inversionPercent: 0.16907490298645747