averageError: 2.710518288897368E-5
maxError: 0.013951511186361436
percentOfTop: 0.7829457364341085
euclideanDistance: 0.4199537422141112
inversionPercent: 0.1408463679953813