averageError: 0.0015422955083856155
maxError: 2.0093634835315277
percentOfTop: 0.6876679605852494
euclideanDistance: 0.575588171573477
inversionPercent: -8.20958917416996