averageError: 1.615613547019827E-5
maxError: 0.03230866378302491
percentOfTop: 0.8914728682170543
euclideanDistance: 0.36318318450846665
inversionPercent: 0.2886898105483076