averageError: 9.545096194275316E-6
maxError: 3.981378381866692E-4
percentOfTop: 0.9090909090909091
euclideanDistance: 0.0658605593922695
inversionPercent: 0.037013899871842525