averageError: 6.040612931723397E-5
maxError: 0.0034292830714599005
percentOfTop: 0.3787878787878788
euclideanDistance: 0.5026807501444623
inversionPercent: 0.16688598631891555