averageError: 3.5706261463310285E-6
maxError: 7.320794645618838E-4
percentOfTop: 0.9861111111111112
euclideanDistance: 0.023254118780433375
inversionPercent: 0.03016553425381761