averageError: 1.663757194843777E-5
maxError: 0.025102843638614585
percentOfTop: 0.8811369509043928
euclideanDistance: 0.3143583812274319
inversionPercent: 0.28681888345058965