averageError: 9.66497268112326E-6
maxError: 7.803357033556238E-4
percentOfTop: 0.8939393939393939
euclideanDistance: 0.06027534008934374
inversionPercent: 0.0364454322198597