averageError: 9.240192752753362E-6
maxError: 0.005409747471078641
percentOfTop: 0.8188679245283019
euclideanDistance: 0.07615256429571803
inversionPercent: 0.035370709181199604