averageError: 3.279418813317787E-6
maxError: 0.0038700921444770747
percentOfTop: 0.9811320754716981
euclideanDistance: 0.05428438457325855
inversionPercent: 0.0856139745639583