averageError: 3.7878921401271205E-5
maxError: 0.04739139011245287
percentOfTop: 0.7609819121447028
euclideanDistance: 0.6913622129928426
inversionPercent: 0.22193380413328778