averageError: 8.024121626372163E-6
maxError: 0.013997807709756652
percentOfTop: 0.9418604651162791
euclideanDistance: 0.1267746245487061
inversionPercent: 0.19325189909714643