averageError: 1.0887744697364148E-5
maxError: 0.010592605199661008
percentOfTop: 0.9121447028423773
euclideanDistance: 0.16389372647042627
inversionPercent: 0.130534514322033