averageError: 3.48087309984023E-6
maxError: 0.004457686095674922
percentOfTop: 0.9773584905660377
euclideanDistance: 0.05397319303721218
inversionPercent: 0.07832971976068169