averageError: 2.7931270877516965E-6
maxError: 0.0017560346017786166
percentOfTop: 0.9741602067183462
euclideanDistance: 0.034714471527353866
inversionPercent: 0.042735454280454825