averageError: 5.5544788762004586E-5
maxError: 0.0032526536552452984
percentOfTop: 0.3787878787878788
euclideanDistance: 0.4717941531742759
inversionPercent: 0.14422633436349003