averageError: 1.3564017272085852E-5
maxError: 4.15451189736446E-4
percentOfTop: 0.8939393939393939
euclideanDistance: 0.09367668761163343
inversionPercent: 0.05193661544024237