averageError: 5.464665680045573E-5
maxError: 0.003662497411041137
percentOfTop: 0.45454545454545453
euclideanDistance: 0.4264030471417083
inversionPercent: 0.15848208861735866