averageError: 6.779262580273663E-6
maxError: 1.998365268247087E-4
percentOfTop: 0.9393939393939394
euclideanDistance: 0.0449337231006488
inversionPercent: 0.026495165502446582