averageError: 5.3927009497937986E-5
maxError: 0.0055537664274855686
percentOfTop: 0.4090909090909091
euclideanDistance: 0.4982528687911117
inversionPercent: 0.16061617968539513