averageError: 7.447399491484535E-6
maxError: 0.0013126291328841924
percentOfTop: 0.9722222222222222
euclideanDistance: 0.04463459657207035
inversionPercent: 0.01399329185905436