averageError: 3.7454095349332336E-5
maxError: 0.002431891710608459
percentOfTop: 0.5303030303030303
euclideanDistance: 0.3380820635939943
inversionPercent: 0.11943198964002186