averageError: 3.3323020088598454E-5
maxError: 0.001629967410908116
percentOfTop: 0.6515151515151515
euclideanDistance: 0.23873530806373944
inversionPercent: 0.11485587595463756