averageError: 2.9555613603357822E-5
maxError: 0.005522912232255178
percentOfTop: 0.8333333333333334
euclideanDistance: 0.21151246172179483
inversionPercent: 0.08416379686230333