averageError: 6.09744403576388E-6
maxError: 0.018788950916198942
percentOfTop: 0.9773584905660377
euclideanDistance: 0.15287471889105858
inversionPercent: 0.13058722356846916