averageError: 7.920151750111815E-4
maxError: 1.2364664210229566
percentOfTop: 0.8423409973126307
euclideanDistance: 0.21773538045585292
inversionPercent: -8.099395457681293