averageError: 1.7391665902066967E-5
maxError: 0.0034481505948287354
percentOfTop: 0.9583333333333334
euclideanDistance: 0.10916261262240945
inversionPercent: 0.1125647940942123