averageError: 9.685253202090762E-6
maxError: 0.0012235211130146514
percentOfTop: 0.8636363636363636
euclideanDistance: 0.0803244037732778
inversionPercent: 0.03598494657667641