averageError: 9.670985246218991E-6
maxError: 0.00184477430227078
percentOfTop: 0.9722222222222222
euclideanDistance: 0.07590609171221645
inversionPercent: 0.04483477691193574