averageError: 9.156096180226345E-6
maxError: 0.009051662409087797
percentOfTop: 0.9263565891472868
euclideanDistance: 0.13106274406932497
inversionPercent: 0.2415754188474414