averageError: 1.771300936256233E-5
maxError: 9.905371791964247E-4
percentOfTop: 0.8181818181818182
euclideanDistance: 0.12243210638321508
inversionPercent: 0.06959706603671453