averageError: 3.288520855652556E-5
maxError: 0.008434260670674907
percentOfTop: 0.8333333333333334
euclideanDistance: 0.26638279434668394
inversionPercent: 0.11485169445064032