averageError: 1.1784042456152303E-5
maxError: 0.010233982465939193
percentOfTop: 0.9018087855297158
euclideanDistance: 0.16448085006038027
inversionPercent: 0.22817369661752682