averageError: 2.535358319256084E-5
maxError: 0.0035259736684888758
percentOfTop: 0.8472222222222222
euclideanDistance: 0.156932374458905
inversionPercent: 0.11147794644827506