averageError: 3.9938273827295206E-5
maxError: 0.003177074412117408
percentOfTop: 0.8055555555555556
euclideanDistance: 0.2253117720310682
inversionPercent: 0.03985798197451365