averageError: 1.3753077010125033E-5
maxError: 0.009322091643499925
percentOfTop: 0.8785529715762274
euclideanDistance: 0.21247660042930197
inversionPercent: 0.17122249720392407