averageError: 5.072428365972085E-6
maxError: 0.007038715978969594
percentOfTop: 0.969811320754717
euclideanDistance: 0.09889215630047263
inversionPercent: 0.11029325973643997