averageError: 3.1357142896432654E-5
maxError: 0.030737937635642393
percentOfTop: 0.7906976744186046
euclideanDistance: 0.5839422399722798
inversionPercent: 0.17800593419353505