averageError: 9.58534129479953E-6
maxError: 6.207566892860068E-4
percentOfTop: 0.9545454545454546
euclideanDistance: 0.06236673434040147
inversionPercent: 0.03631602043391735