averageError: 5.298765981351168E-6
maxError: 9.210491762390687E-4
percentOfTop: 0.9861111111111112
euclideanDistance: 0.03618945487326362
inversionPercent: 0.056904412448921894