averageError: 2.0423584212180264E-5
maxError: 0.004154522369637009
percentOfTop: 0.8888888888888888
euclideanDistance: 0.146789785054155
inversionPercent: 0.10890343015296909