averageError: 1.0304189652941718E-6
maxError: 7.896358279523286E-4
percentOfTop: 0.9886792452830189
euclideanDistance: 0.01108168893952069
inversionPercent: 0.011042995272572381