averageError: 1.0786229784983106E-5
maxError: 0.011292993714891598
percentOfTop: 0.9263565891472868
euclideanDistance: 0.1744421674736954
inversionPercent: 0.18743137301676915