averageError: 5.800196513821357E-5
maxError: 0.010328622492189115
percentOfTop: 0.6388888888888888
euclideanDistance: 0.4154737688461774
inversionPercent: 0.0684699792220303