averageError: 2.821041161323992E-6
maxError: 0.002321617707175691
percentOfTop: 0.9715762273901809
euclideanDistance: 0.03398184748550447
inversionPercent: 0.08752061253971045