averageError: 2.6981298945704744E-6
maxError: 0.0033904313016719437
percentOfTop: 0.9767441860465116
euclideanDistance: 0.03603498292448678
inversionPercent: 0.052013725107807586