averageError: 6.026697080596279E-4
maxError: 1.2869083461801116
percentOfTop: 0.8874290833084503
euclideanDistance: 0.2069491846295692
inversionPercent: 8.884567473090392