averageError: 5.213837430655412E-6
maxError: 0.004072854852823278
percentOfTop: 0.9534883720930233
euclideanDistance: 0.0723646949704284
inversionPercent: 0.16093465738141832