averageError: 2.6263347820037155E-5
maxError: 0.001307914964881938
percentOfTop: 0.803030303030303
euclideanDistance: 0.18070406256893626
inversionPercent: 0.09452679326157089