averageError: 3.277171410499005E-5
maxError: 0.001768555677386218
percentOfTop: 0.7424242424242424
euclideanDistance: 0.23443431545678395
inversionPercent: 0.10988541734213278