averageError: 6.131652381641348E-6
maxError: 0.006368165178595328
percentOfTop: 0.9483204134366925
euclideanDistance: 0.08617304742559538
inversionPercent: 0.07117520485687484