averageError: 0.0016886533556892797
maxError: 1.2378331334827155
percentOfTop: 0.660495670349358
euclideanDistance: 0.5112479735565083
inversionPercent: -6.0031766994999245