averageError: 1.6761449680924833E-6
maxError: 0.0020035609238309784
percentOfTop: 0.9849056603773585
euclideanDistance: 0.020007458811620665
inversionPercent: 0.04576192737571447