averageError: 2.342707909576169E-5
maxError: 0.005005464208881281
percentOfTop: 0.9027777777777778
euclideanDistance: 0.1553451619196084
inversionPercent: 0.13631079116905664