averageError: 5.0411054980215275E-5
maxError: 0.007298862493431136
percentOfTop: 0.6666666666666666
euclideanDistance: 0.3249542728887568
inversionPercent: 0.05561332152944981