averageError: 1.5893123792721474E-5
maxError: 0.012732027505954372
percentOfTop: 0.8641509433962264
euclideanDistance: 0.20798490276575066
inversionPercent: 0.07936560060031461