averageError: 6.73612711314241E-6
maxError: 0.011481786420061486
percentOfTop: 0.9354005167958657
euclideanDistance: 0.11042993025375145
inversionPercent: 0.13066423836119462