averageError: 3.621953975368242E-6
maxError: 0.003839131718937079
percentOfTop: 0.9651162790697675
euclideanDistance: 0.04705195070399984
inversionPercent: 0.042606331593764264