averageError: 1.273091334050056E-5
maxError: 0.01672774241069213
percentOfTop: 0.9031007751937985
euclideanDistance: 0.20453883345615514
inversionPercent: 0.2783812015740207