averageError: 2.4595372567829487E-5
maxError: 0.004041040734248897
percentOfTop: 0.7121212121212122
euclideanDistance: 0.18291890533286362
inversionPercent: 0.0946512525936163