averageError: 1.1625177325241179E-5
maxError: 0.00164555189175466
percentOfTop: 0.9211886304909561
euclideanDistance: 0.07919488817415392
inversionPercent: 0.0523370029628873