averageError: 3.5800202024332514E-5
maxError: 0.0689500925943923
percentOfTop: 0.7984496124031008
euclideanDistance: 0.7095486916720123
inversionPercent: 0.21753533222768448