averageError: 1.3064566475336718E-5
maxError: 0.0017784951838503982
percentOfTop: 0.8636363636363636
euclideanDistance: 0.08216617215800859
inversionPercent: 0.047875556960139364