averageError: 1.1746728878611656E-5
maxError: 0.002598173330459889
percentOfTop: 0.9250645994832042
euclideanDistance: 0.08181852111529145
inversionPercent: 0.05253956996328312