averageError: 3.907592943782294E-5
maxError: 0.037657665354265554
percentOfTop: 0.7764857881136951
euclideanDistance: 0.7869866101656455
inversionPercent: 0.22446705942211884