averageError: 2.39906439701493E-5
maxError: 0.00783742688120994
percentOfTop: 0.9027777777777778
euclideanDistance: 0.18849023329260953
inversionPercent: 0.147795711681518