averageError: 2.9175770498831994E-6
maxError: 0.0013651374066605687
percentOfTop: 0.9741602067183462
euclideanDistance: 0.030873828413943934
inversionPercent: 0.03366349825255969