averageError: 6.148084901669341E-4
maxError: 1.2476639360038564
percentOfTop: 0.8811585547924754
euclideanDistance: 0.18573842620818726
inversionPercent: 7.834061587529039