averageError: 3.246307753130528E-4
maxError: 0.1431862559696066
percentOfTop: 0.9331143624962676
euclideanDistance: 0.08042458713904828
inversionPercent: 5.335967877636683