averageError: 1.2971043701305126E-5
maxError: 7.55011362723209E-4
percentOfTop: 0.8484848484848485
euclideanDistance: 0.09112727351387137
inversionPercent: 0.04968727567871645