averageError: 2.5756695672388462E-5
maxError: 0.002153390540104553
percentOfTop: 0.696969696969697
euclideanDistance: 0.1639765538885222
inversionPercent: 0.08779154853097026