averageError: 9.1420379467813E-6
maxError: 0.002945535922642479
percentOfTop: 0.9722222222222222
euclideanDistance: 0.0657734821527628
inversionPercent: 0.021920214730053338