averageError: 2.65459716567579E-6
maxError: 0.002330046502111445
percentOfTop: 0.975452196382429
euclideanDistance: 0.03458529904033459
inversionPercent: 0.03717321974028221