averageError: 1.7660851841517026E-5
maxError: 0.014488959882100909
percentOfTop: 0.8449612403100775
euclideanDistance: 0.27639560902350746
inversionPercent: 0.26522372906735847