averageError: 7.64612640222452E-6
maxError: 0.0011830123672043925
percentOfTop: 0.9583333333333334
euclideanDistance: 0.053385468014975866
inversionPercent: 0.06168111298952053