averageError: 3.3300367079403335E-5
maxError: 0.013550306295457813
percentOfTop: 0.8333333333333334
euclideanDistance: 0.2765827362103382
inversionPercent: 0.143512846008909