averageError: 2.825868340858111E-6
maxError: 0.004818252561814826
percentOfTop: 0.9811320754716981
euclideanDistance: 0.05272758921662527
inversionPercent: 0.053432223451833266