averageError: 1.3126607069123606E-5
maxError: 0.001651728367576672
percentOfTop: 0.8787878787878788
euclideanDistance: 0.10432276641136239
inversionPercent: 0.04982700893399541