averageError: 1.0019880223989536E-5
maxError: 0.0013876145806571427
percentOfTop: 0.8484848484848485
euclideanDistance: 0.06753584266614097
inversionPercent: 0.03705907365692112