averageError: 5.8868395730239227E-5
maxError: 0.004635143293128799
percentOfTop: 0.4090909090909091
euclideanDistance: 0.4551408722492637
inversionPercent: 0.16501604155358757