averageError: 4.09403411227073E-5
maxError: 0.011194085930635044
percentOfTop: 0.8055555555555556
euclideanDistance: 0.2746400207608578
inversionPercent: 0.10576375782334912