averageError: 0.001003420399778958
maxError: 1.1926607256286048
percentOfTop: 0.803523439832786
euclideanDistance: 0.26709842429925806
inversionPercent: -6.403736663364487