averageError: 2.43914019333374E-5
maxError: 0.002604446707274685
percentOfTop: 0.8181818181818182
euclideanDistance: 0.1827485742087339
inversionPercent: 0.09035752134958905