averageError: 6.391729622055594E-6
maxError: 0.006457965791470198
percentOfTop: 0.9534883720930233
euclideanDistance: 0.07581309627521708
inversionPercent: 0.19999578769166726