averageError: 3.2308340401101935E-5
maxError: 0.0012114731169072823
percentOfTop: 0.696969696969697
euclideanDistance: 0.24207312312677715
inversionPercent: 0.10494708025303429