averageError: 2.3690920139943375E-6
maxError: 0.004554697509384642
percentOfTop: 0.9886792452830189
euclideanDistance: 0.0468022656174696
inversionPercent: 0.022354531318806707