averageError: 1.3106643794554191E-5
maxError: 7.024341640768407E-4
percentOfTop: 0.8787878787878788
euclideanDistance: 0.09186752973476373
inversionPercent: 0.049019620094947335