averageError: 5.7501120869222404E-5
maxError: 0.013348121907476189
percentOfTop: 0.3787878787878788
euclideanDistance: 0.5758370976052102
inversionPercent: 0.15538152848556597