averageError: 0.0025152564853555656
maxError: 7.9639028777727825
percentOfTop: 0.6395939086294417
euclideanDistance: 1.040951134971611
inversionPercent: -2.9194869473410785