averageError: 4.833794547606996E-6
maxError: 0.0022979734703149797
percentOfTop: 0.9534883720930233
euclideanDistance: 0.05516150059945667
inversionPercent: 0.05499738629487793