averageError: 3.5999840788909528E-6
maxError: 7.940963651545951E-4
percentOfTop: 0.9861111111111112
euclideanDistance: 0.02490806747580717
inversionPercent: 0.014461838335660327