averageError: 2.476135866360715E-5
maxError: 6.907517732337018E-4
percentOfTop: 0.7727272727272727
euclideanDistance: 0.16652735497199664
inversionPercent: 0.09046985411227935