averageError: 4.170469602866618E-5
maxError: 0.002256602457732582
percentOfTop: 0.5909090909090909
euclideanDistance: 0.3225948016423223
inversionPercent: 0.13775986439718385