averageError: 6.761468365191023E-6
maxError: 0.00894411080637987
percentOfTop: 0.9483204134366925
euclideanDistance: 0.11016992674412386
inversionPercent: 0.17549176000801323