averageError: 6.732763637899498E-5
maxError: 0.004579792834050345
percentOfTop: 0.45454545454545453
euclideanDistance: 0.5642862755957024
inversionPercent: 0.17958176387986532