averageError: 1.6751540518007962E-5
maxError: 0.012060926012172526
percentOfTop: 0.8867924528301887
euclideanDistance: 0.2117499475634411
inversionPercent: 0.0795118698603073