averageError: 1.4795993890730593E-6
maxError: 0.0020837701699099737
percentOfTop: 0.9924528301886792
euclideanDistance: 0.014938257864798523
inversionPercent: 0.009661284365946227