averageError: 1.8379060073764124E-5
maxError: 0.0012202677947511223
percentOfTop: 0.9722222222222222
euclideanDistance: 0.07457395128149706
inversionPercent: 0.013570857183612095