averageError: 1.571625587171512E-5
maxError: 7.755047102494467E-4
percentOfTop: 0.803030303030303
euclideanDistance: 0.1348293920463161
inversionPercent: 0.050146696775734974