averageError: 6.996147938479119E-6
maxError: 3.0326704928077897E-4
percentOfTop: 0.9545454545454546
euclideanDistance: 0.048912252450051236
inversionPercent: 0.026625549265321978