averageError: 1.4702056473255137E-6
maxError: 0.0023088717230503736
percentOfTop: 0.9886792452830189
euclideanDistance: 0.020553491098742042
inversionPercent: 0.0324815003699177