averageError: 3.875814670624143E-6
maxError: 0.004508104722773187
percentOfTop: 0.9702842377260982
euclideanDistance: 0.04758824714532278
inversionPercent: 0.12237318350003597