averageError: 8.33006868641954E-4
maxError: 1.8470009903569475
percentOfTop: 0.8426395939086294
euclideanDistance: 0.24770168605854387
inversionPercent: -5.760781440268548