averageError: 1.2924595347755727E-5
maxError: 0.0014936260751402149
percentOfTop: 0.8333333333333334
euclideanDistance: 0.08799654251699894
inversionPercent: 0.049154632319408656