averageError: 3.78676969824823E-5
maxError: 0.011920011761548086
percentOfTop: 0.8055555555555556
euclideanDistance: 0.2567598594520448
inversionPercent: 0.163816144701756