averageError: 6.842097611183982E-6
maxError: 0.010889592944881815
percentOfTop: 0.9431524547803618
euclideanDistance: 0.10877905320779371
inversionPercent: 0.1746247683692085