averageError: 3.3455393530390875E-5
maxError: 0.011986525715221288
percentOfTop: 0.8333333333333334
euclideanDistance: 0.2870754277917027
inversionPercent: 0.12486360567811315