averageError: 1.0222827314285738E-5
maxError: 0.0016535633637427497
percentOfTop: 0.9722222222222222
euclideanDistance: 0.06624534615622102
inversionPercent: 0.09068994041620346