averageError: 6.84050192828481E-4
maxError: 0.32909849550461034
percentOfTop: 0.871006270528516
euclideanDistance: 0.1256957332801281
inversionPercent: 6.901469286268825