averageError: 1.166279119879834E-5
maxError: 0.003055877806066254
percentOfTop: 0.9147286821705426
euclideanDistance: 0.07995150719759476
inversionPercent: 0.05227652442401584