averageError: 1.5824282894703878E-5
maxError: 0.0018281036541173239
percentOfTop: 0.7727272727272727
euclideanDistance: 0.1418717257938313
inversionPercent: 0.049426508152965655