averageError: 3.196631642325025E-5
maxError: 0.0014309117587679035
percentOfTop: 0.6818181818181818
euclideanDistance: 0.2644661765871542
inversionPercent: 0.10615126710384337