averageError: 5.229166914403216E-6
maxError: 0.007975609854859692
percentOfTop: 0.9622641509433962
euclideanDistance: 0.1016905762082777
inversionPercent: 0.0991391243661802