averageError: 1.9791875870607142E-5
maxError: 0.009884455177334179
percentOfTop: 0.9166666666666666
euclideanDistance: 0.18035979635122845
inversionPercent: 0.12641971103666402