averageError: 4.187597018740184E-6
maxError: 0.0012510613654078198
percentOfTop: 0.9861111111111112
euclideanDistance: 0.02915903297724502
inversionPercent: 0.011160675919188574