averageError: 3.747943798941316E-6
maxError: 0.006849583331127479
percentOfTop: 0.9773584905660377
euclideanDistance: 0.06769011034290613
inversionPercent: 0.07446933842051313