averageError: 3.253819326047182E-5
maxError: 0.00710183436493041
percentOfTop: 0.8611111111111112
euclideanDistance: 0.22981844587297554
inversionPercent: 0.14732985209649654