averageError: 9.529600177337563E-6
maxError: 0.0077537708684247975
percentOfTop: 0.9147286821705426
euclideanDistance: 0.1254359589130953
inversionPercent: 0.18283134741335905