averageError: 3.458591252374947E-6
maxError: 7.61559946390794E-4
percentOfTop: 0.9722222222222222
euclideanDistance: 0.02489479103366315
inversionPercent: 0.014753287046357375