averageError: 7.031878286658766E-6
maxError: 0.001954460974326378
percentOfTop: 0.9722222222222222
euclideanDistance: 0.05393687728324035
inversionPercent: 0.07348194082872034