averageError: 0.0013435938951318728
maxError: 0.6622890778042834
percentOfTop: 0.6942370856972231
euclideanDistance: 0.33412205554364943
inversionPercent: -9.239943834554829