averageError: 6.374069462215719E-6
maxError: 0.005173048630409405
percentOfTop: 0.9431524547803618
euclideanDistance: 0.08789743194224024
inversionPercent: 0.11032491983142925