averageError: 1.1549530105868336E-5
maxError: 0.027260523149738817
percentOfTop: 0.896640826873385
euclideanDistance: 0.2042955862870123
inversionPercent: 0.2775672272051403