averageError: 7.141858463354325E-5
maxError: 0.011266360063965652
percentOfTop: 0.6388888888888888
euclideanDistance: 0.5689705124434293
inversionPercent: 0.08659701427075293