averageError: 1.6655460575272767E-4
maxError: 0.12452946122040665
percentOfTop: 0.964765601672141
euclideanDistance: 0.040880461294664466
inversionPercent: 3.9687310122966277