averageError: 1.3783115697421883E-5
maxError: 0.00985804824174643
percentOfTop: 0.8377358490566038
euclideanDistance: 0.14448347131943085
inversionPercent: 0.060609903721526845