averageError: 2.6607673003202932E-5
maxError: 0.0026432535841874605
percentOfTop: 0.803030303030303
euclideanDistance: 0.2224671096504037
inversionPercent: 0.09431462458247226