averageError: 1.4164662986029307E-5
maxError: 6.252794064878467E-4
percentOfTop: 0.8333333333333334
euclideanDistance: 0.09619581736201475
inversionPercent: 0.05470536116094036