averageError: 1.8270670385062417E-4
maxError: 0.20846737464173426
percentOfTop: 0.9656613914601374
euclideanDistance: 0.04667600045479585
inversionPercent: 4.368356956952627