averageError: 1.424865567726366E-5
maxError: 0.0050393509300835915
percentOfTop: 0.8888888888888888
euclideanDistance: 0.11780950359180029
inversionPercent: 0.05820199834824102