averageError: 0.0012227897503832678
maxError: 0.8778654444393506
percentOfTop: 0.8647357420125411
euclideanDistance: 0.14749037270028584
inversionPercent: 8.052566206702613