averageError: 2.931716336589146E-5
maxError: 0.0016576411857012058
percentOfTop: 0.9166666666666666
euclideanDistance: 0.10701384620981236
inversionPercent: 0.20014647510446773