averageError: 0.0039442401935857315
maxError: 3.8961404062457072
percentOfTop: 0.7217079725291131
euclideanDistance: 0.2895425080348269
inversionPercent: -3.0084312901717953