averageError: 4.047590627698303E-5
maxError: 0.0013556766317120057
percentOfTop: 0.9166666666666666
euclideanDistance: 0.14451492471369004
inversionPercent: 0.21946392166446613