averageError: 4.9809880525624775E-5
maxError: 0.05316979544983756
percentOfTop: 0.9496124031007752
euclideanDistance: 0.05715805432397645
inversionPercent: 0.4354213014803527