averageError: 0.003944158717684741
maxError: 3.896358493031262
percentOfTop: 0.9134069871603464
euclideanDistance: 0.0912706545387083
inversionPercent: -8.5190696310796