averageError: 0.00394428010601302
maxError: 3.897265890998358
percentOfTop: 0.7351448193490594
euclideanDistance: 0.2772010703171434
inversionPercent: -3.8424921704143755