averageError: 4.923642950675253E-5
maxError: 0.0020286031198228833
percentOfTop: 0.8888888888888888
euclideanDistance: 0.18120276183216255
inversionPercent: 0.23701564580920975