averageError: 1.3018660620304804E-5
maxError: 0.0031889116429126563
percentOfTop: 0.8981132075471698
euclideanDistance: 0.0648744675239744
inversionPercent: 0.2387907418635049