averageError: 3.207085694897549E-5
maxError: 5.176548297717083E-4
percentOfTop: 0.7575757575757576
euclideanDistance: 0.1746111236818229
inversionPercent: 0.13365270643968505