averageError: 1.6094452949906358E-5
maxError: 3.682160377389376E-4
percentOfTop: 0.9242424242424242
euclideanDistance: 0.0896957512252036
inversionPercent: 0.07508720831608653