averageError: 5.774630149645548E-6
maxError: 0.0016694603592894292
percentOfTop: 0.9433962264150944
euclideanDistance: 0.029235562782447218
inversionPercent: 0.1939490980977791