averageError: 5.435182725232608E-5
maxError: 0.05351651522017302
percentOfTop: 0.6770025839793282
euclideanDistance: 0.3056646869894718
inversionPercent: 0.7339940735435511