averageError: 2.0298046397311758E-5
maxError: 0.001427634772007691
percentOfTop: 0.9583333333333334
euclideanDistance: 0.07827516332347133
inversionPercent: 0.17454747115098335