averageError: 5.014961351118111E-5
maxError: 0.05299791183116018
percentOfTop: 0.8992248062015504
euclideanDistance: 0.11232304050724161
inversionPercent: 0.5819276462839841