averageError: 6.927838813534263E-5
maxError: 0.001213195778742183
percentOfTop: 0.6515151515151515
euclideanDistance: 0.363493099425294
inversionPercent: 0.21212248705199443