averageError: 0.003944148995593231
maxError: 3.896432257875076
percentOfTop: 0.9098238280083607
euclideanDistance: 0.091419448866658
inversionPercent: -8.623907140533356