averageError: 8.242758311692695E-6
maxError: 0.002089189717646902
percentOfTop: 0.9433962264150944
euclideanDistance: 0.03948508615449525
inversionPercent: 0.2156606439029067