averageError: 1.6446463425417578E-4
maxError: 0.01031369878046108
percentOfTop: 0.16666666666666666
euclideanDistance: 1.1595074718655634
inversionPercent: 0.27533625657710176