averageError: 1.6112648296816205E-5
maxError: 2.5083139980532315E-4
percentOfTop: 0.9242424242424242
euclideanDistance: 0.0873426461913787
inversionPercent: 0.07543499091965264