averageError: 4.979073126503416E-5
maxError: 0.052674772926881094
percentOfTop: 0.9470284237726099
euclideanDistance: 0.05468256604673073
inversionPercent: 0.4331905359545849