averageError: 5.321123709775293E-5
maxError: 0.0028895929780860183
percentOfTop: 0.8611111111111112
euclideanDistance: 0.2021801185090665
inversionPercent: 0.2411190429292176