averageError: 6.718117228887818E-5
maxError: 9.734987043651618E-4
percentOfTop: 0.6363636363636364
euclideanDistance: 0.3664228686503608
inversionPercent: 0.20587457304177542