averageError: 1.6287542672544184E-4
maxError: 0.007906935176527406
percentOfTop: 0.22727272727272727
euclideanDistance: 1.0981782568011123
inversionPercent: 0.27443305858322514