averageError: 2.915257577704406E-6
maxError: 5.857971604408541E-4
percentOfTop: 0.9660377358490566
euclideanDistance: 0.01345703294152668
inversionPercent: 0.1513627516883135