averageError: 9.286096110443159E-6
maxError: 2.796030714196044E-4
percentOfTop: 0.9861111111111112
euclideanDistance: 0.03169435965775195
inversionPercent: 0.13743810024120778