averageError: 1.0534925168824503E-5
maxError: 0.0021243558839307494
percentOfTop: 0.8981132075471698
euclideanDistance: 0.04855799367150799
inversionPercent: 0.22997002635828565