averageError: 1.4040070625329044E-4
maxError: 0.005313698780461078
percentOfTop: 0.2878787878787879
euclideanDistance: 0.8842828814623931
inversionPercent: 0.2663958276085049