averageError: 2.8452587281718053E-6
maxError: 5.967043688387477E-4
percentOfTop: 0.9811320754716981
euclideanDistance: 0.012945479572338221
inversionPercent: 0.15214825413898705