averageError: 5.082410840229334E-5
maxError: 0.051659371423808165
percentOfTop: 0.8268733850129198
euclideanDistance: 0.17495473654171695
inversionPercent: 0.6599187398561427