averageError: 5.245886719837607E-5
maxError: 0.05163656955297133
percentOfTop: 0.7609819121447028
euclideanDistance: 0.23635140085482828
inversionPercent: 0.711097582942818