averageError: 1.3156515163782739E-5
maxError: 0.0041098851820089155
percentOfTop: 0.8641509433962264
euclideanDistance: 0.06704728127488381
inversionPercent: 0.23974018516073248