averageError: 0.003944210541411351
maxError: 3.8966755134956457
percentOfTop: 0.8160644968647357
euclideanDistance: 0.18883006056237778
inversionPercent: 0.6906438961254093