averageError: 4.747894052085633E-5
maxError: 0.0015206721042509974
percentOfTop: 0.6818181818181818
euclideanDistance: 0.2495918836229704
inversionPercent: 0.17343238981681058