averageError: 1.2958444314004456E-5
maxError: 0.004589055816478227
percentOfTop: 0.8679245283018868
euclideanDistance: 0.06551747758307318
inversionPercent: 0.239086484838796