averageError: 0.0039441798459525085
maxError: 3.8959412098192336
percentOfTop: 0.815765900268737
euclideanDistance: 0.1946709079531094
inversionPercent: 1.1256935542117066