averageError: 8.157901129843093E-5
maxError: 0.002100397275766955
percentOfTop: 0.48484848484848486
euclideanDistance: 0.416860375619199
inversionPercent: 0.22427668832277559