averageError: 9.760929819423633E-6
maxError: 7.045975464693207E-4
percentOfTop: 0.9861111111111112
euclideanDistance: 0.03479173331900292
inversionPercent: 0.1387406499630256