averageError: 5.416648624492948E-5
maxError: 0.05337861086854974
percentOfTop: 0.6937984496124031
euclideanDistance: 0.28966419319690917
inversionPercent: 0.7321690303496342