averageError: 9.837897141592248E-6
maxError: 4.016692969022904E-4
percentOfTop: 1.0
euclideanDistance: 0.0357004834702925
inversionPercent: 0.1369267215516957