averageError: 5.054749608285414E-5
maxError: 9.400165568357829E-4
percentOfTop: 0.7272727272727273
euclideanDistance: 0.2676488468869109
inversionPercent: 0.17900440958163752