averageError: 5.408761394239307E-5
maxError: 0.05249513420498908
percentOfTop: 0.7067183462532299
euclideanDistance: 0.2930867379843675
inversionPercent: 0.7306089350048685