averageError: 5.2571679382865586E-5
maxError: 0.05422356007178751
percentOfTop: 0.772609819121447
euclideanDistance: 0.23768361537758656
inversionPercent: 0.7099756024673407