averageError: 0.003944170655721082
maxError: 3.8965922421590644
percentOfTop: 0.9095252314123619
euclideanDistance: 0.09250949893833234
inversionPercent: -8.333321315213833