averageError: 0.0039442284912719104
maxError: 3.897000276820169
percentOfTop: 0.6285458345774858
euclideanDistance: 0.37149484970533936
inversionPercent: 5.0863357970550185