averageError: 3.1747391563830716E-5
maxError: 0.0011001381844764277
percentOfTop: 0.8636363636363636
euclideanDistance: 0.16890611697603772
inversionPercent: 0.1325658048054632