averageError: 3.876024482403285E-5
maxError: 0.0019057781600645331
percentOfTop: 0.875
euclideanDistance: 0.14425530313801588
inversionPercent: 0.22038611817462858