averageError: 8.171161324018987E-6
maxError: 0.003044334072501896
percentOfTop: 0.909433962264151
euclideanDistance: 0.04006760924006713
inversionPercent: 0.21751062189189416