averageError: 3.8559567901702214E-5
maxError: 0.0013912077356715256
percentOfTop: 0.9305555555555556
euclideanDistance: 0.1379478318035214
inversionPercent: 0.2201211827617729