averageError: 1.961326571289617E-5
maxError: 8.780307042098798E-4
percentOfTop: 0.9583333333333334
euclideanDistance: 0.06745606779366836
inversionPercent: 0.1771196956858202