averageError: 5.0225490390707664E-5
maxError: 0.05251489285342977
percentOfTop: 0.8850129198966409
euclideanDistance: 0.11607622973194553
inversionPercent: 0.5890748648218833