averageError: 3.079107477357635E-5
maxError: 8.954225499653266E-4
percentOfTop: 0.8636363636363636
euclideanDistance: 0.16225090083451124
inversionPercent: 0.13008527338772052