averageError: 0.003944212943318736
maxError: 3.896308955426223
percentOfTop: 0.723499552105106
euclideanDistance: 0.2839527794485882
inversionPercent: -3.0256849309234504