averageError: 0.003944226960100825
maxError: 3.8971398144908256
percentOfTop: 0.5025380710659898
euclideanDistance: 0.5714992349734543
inversionPercent: -5.384969006944583