averageError: 5.081202341333948E-5
maxError: 0.05171647494744763
percentOfTop: 0.834625322997416
euclideanDistance: 0.1643001509100864
inversionPercent: 0.6618100430957591