averageError: 0.00394426245727616
maxError: 3.897316236597832
percentOfTop: 0.6130188115855479
euclideanDistance: 0.3827609599088971
inversionPercent: 5.854082978200418