averageError: 5.104887802843367E-5
maxError: 0.052609315351443406
percentOfTop: 0.8152454780361758
euclideanDistance: 0.1747500726662669
inversionPercent: 0.6691274858147345