averageError: 5.256041476087855E-5
maxError: 0.05046704337340338
percentOfTop: 0.7764857881136951
euclideanDistance: 0.23960069783020113
inversionPercent: 0.7042231049771349