averageError: 0.003944136757244946
maxError: 3.897259489126983
percentOfTop: 0.8250223947447
euclideanDistance: 0.19129569918927283
inversionPercent: -0.17797114922469867