averageError: 4.979253305343262E-5
maxError: 0.052421805735021615
percentOfTop: 0.9392764857881137
euclideanDistance: 0.05368580769377897
inversionPercent: 0.43456593677849836