averageError: 8.014701170880309E-6
maxError: 0.0024115890335519655
percentOfTop: 0.9169811320754717
euclideanDistance: 0.036900766868419727
inversionPercent: 0.21552851362424966