averageError: 1.6652452616052575E-4
maxError: 0.0099842435000695
percentOfTop: 0.07575757575757576
euclideanDistance: 1.2652232961124559
inversionPercent: 0.2791492758008153