averageError: 2.946421447365215E-6
maxError: 0.0011054039760310871
percentOfTop: 0.969811320754717
euclideanDistance: 0.013956249428527587
inversionPercent: 0.15180374237862893