averageError: 5.70136037951573E-6
maxError: 0.0015966426885729093
percentOfTop: 0.9547169811320755
euclideanDistance: 0.02727039195373264
inversionPercent: 0.19459802169827142