averageError: 2.049748102325105E-5
maxError: 0.0010160766983863048
percentOfTop: 0.9444444444444444
euclideanDistance: 0.07856073718305089
inversionPercent: 0.17568209014876884