averageError: 5.520869023463284E-6
maxError: 8.832485308224169E-4
percentOfTop: 0.9509433962264151
euclideanDistance: 0.024552003985039858
inversionPercent: 0.19440963796289382