averageError: 0.0039441563521139845
maxError: 3.8969133613933407
percentOfTop: 0.6198865332935205
euclideanDistance: 0.41056301488851427
inversionPercent: 6.42697117878841