averageError: 5.019040480930739E-5
maxError: 0.052819269988474936
percentOfTop: 0.8798449612403101
euclideanDistance: 0.11800064560573426
inversionPercent: 0.5916154996998967