averageError: 0.003944205334443646
maxError: 3.8973800604280258
percentOfTop: 0.5255300089578979
euclideanDistance: 0.4949169943111141
inversionPercent: -7.106519005380143