averageError: 1.0805745876109202E-5
maxError: 0.0024624057946477304
percentOfTop: 0.9018867924528302
euclideanDistance: 0.05572033903669275
inversionPercent: 0.22956522917740735