averageError: 0.003944173118431794
maxError: 3.8958663591820875
percentOfTop: 0.5135861451179456
euclideanDistance: 0.5156470170024986
inversionPercent: -6.476687430771372