averageError: 1.6068971256040193E-5
maxError: 4.481669995528986E-4
percentOfTop: 0.9242424242424242
euclideanDistance: 0.0923978199267351
inversionPercent: 0.0743660014317683