averageError: 3.0394686372291662E-5
maxError: 0.0019056456990737408
percentOfTop: 0.9444444444444444
euclideanDistance: 0.11207725878294007
inversionPercent: 0.20113979521539685