averageError: 1.1172246978715215E-5
maxError: 0.004060445335470203
percentOfTop: 0.879245283018868
euclideanDistance: 0.06033252642437473
inversionPercent: 0.22868959678435907