averageError: 2.8476355535483168E-5
maxError: 0.0012350104301787328
percentOfTop: 0.9166666666666666
euclideanDistance: 0.10062277484564829
inversionPercent: 0.2010131556929207