averageError: 1.33018071145847E-4
maxError: 0.1690726786301638
percentOfTop: 0.8695090439276486
euclideanDistance: 0.1234812846525407
inversionPercent: 2.5272877954304107