averageError: 1.4659866600891851E-4
maxError: 0.027986047599607027
percentOfTop: 0.6363636363636364
euclideanDistance: 0.22730745891321202
inversionPercent: 9.424505880483586