averageError: 7.92278828314783E-5
maxError: 0.009953127983980615
percentOfTop: 0.7606382978723404
euclideanDistance: 0.2920241947354485
inversionPercent: 2.2981042963537917