averageError: 1.4241352080454563E-4
maxError: 0.030620577725362596
percentOfTop: 0.6666666666666666
euclideanDistance: 0.22463745901886242
inversionPercent: 9.009707781614926