averageError: 7.60843843207238E-5
maxError: 0.009872949565647644
percentOfTop: 0.7659574468085106
euclideanDistance: 0.2812813013512054
inversionPercent: 2.2602899824289984