averageError: 1.437934764612015E-4
maxError: 0.020469083581275135
percentOfTop: 0.6363636363636364
euclideanDistance: 0.25543015316635603
inversionPercent: 9.4116480141979