averageError: 1.3174051021670795E-4
maxError: 0.1774433839087136
percentOfTop: 0.8410852713178295
euclideanDistance: 0.1386087337054625
inversionPercent: 2.5413524473047024