averageError: 7.807095721148739E-5
maxError: 0.011774653391688835
percentOfTop: 0.8085106382978723
euclideanDistance: 0.2655100782910728
inversionPercent: 2.2923432936019394