averageError: 7.653717360688694E-5
maxError: 0.0135918582513595
percentOfTop: 0.7553191489361702
euclideanDistance: 0.28211035760795056
inversionPercent: 2.3517957068280984