averageError: 1.4727813137868097E-4
maxError: 0.025025004575112367
percentOfTop: 0.6060606060606061
euclideanDistance: 0.24821311788471145
inversionPercent: 9.294344283764314