averageError: 7.912646189252374E-5
maxError: 0.009953329520515095
percentOfTop: 0.7712765957446809
euclideanDistance: 0.2862895571120795
inversionPercent: 2.3251997396412714