averageError: 1.414070597242801E-4
maxError: 0.018890286444858042
percentOfTop: 0.6363636363636364
euclideanDistance: 0.25270459164546016
inversionPercent: 9.144706120691486