averageError: 7.622180574591083E-5
maxError: 0.010251057531212136
percentOfTop: 0.7872340425531915
euclideanDistance: 0.2817084470683112
inversionPercent: 2.3360185054987155