averageError: 5.5226659702346966E-5
maxError: 0.09289892172089224
percentOfTop: 0.8075471698113208
euclideanDistance: 0.3418393744418419
inversionPercent: 8.171778208034636