averageError: 1.3580563704385638E-4
maxError: 0.21930285615791711
percentOfTop: 0.6950904392764858
euclideanDistance: 0.41846046136748355
inversionPercent: 3.777781488108338