averageError: 7.476356552139992E-5
maxError: 0.01263703826342298
percentOfTop: 0.824468085106383
euclideanDistance: 0.26580886024009576
inversionPercent: 2.3221682602621936