averageError: 1.4642646206374432E-4
maxError: 0.036850251460392947
percentOfTop: 0.6515151515151515
euclideanDistance: 0.23046188898629388
inversionPercent: 9.283124892880043