averageError: 7.530475976416405E-5
maxError: 0.008518771807025403
percentOfTop: 0.7606382978723404
euclideanDistance: 0.279900598039564
inversionPercent: 2.2129084308307845