averageError: 7.592731743704069E-5
maxError: 0.011339139725495303
percentOfTop: 0.7659574468085106
euclideanDistance: 0.2847590778847889
inversionPercent: 2.316851677722627