averageError: 5.4765745381469067E-5
maxError: 0.0808412853904239
percentOfTop: 0.8377358490566038
euclideanDistance: 0.06803482122821079
inversionPercent: 1.959915345881073