averageError: 5.709427022215056E-5
maxError: 0.06294688036709727
percentOfTop: 0.8566037735849057
euclideanDistance: 0.4257076338132787
inversionPercent: 8.802866432353357