averageError: 1.2554308005203232E-4
maxError: 0.2054845629924609
percentOfTop: 0.599483204134367
euclideanDistance: 0.26186521299595267
inversionPercent: 2.90716202850319