averageError: 1.45614165643679E-4
maxError: 0.021637331664083662
percentOfTop: 0.6515151515151515
euclideanDistance: 0.2689034357897829
inversionPercent: 9.191374898862328