averageError: 1.2940967539950033E-4
maxError: 0.14951838723854355
percentOfTop: 0.8695090439276486
euclideanDistance: 0.1309283276188262
inversionPercent: 2.4981667617635677