averageError: 1.318708070124949E-4
maxError: 0.15392184257637995
percentOfTop: 0.8617571059431525
euclideanDistance: 0.1272217686090451
inversionPercent: 2.506256236702882