averageError: 1.4422106532440874E-4
maxError: 0.021666995138465425
percentOfTop: 0.5757575757575758
euclideanDistance: 0.25558232936928527
inversionPercent: 9.202862740518585