averageError: 1.4384439440797903E-4
maxError: 0.0404246034619163
percentOfTop: 0.6666666666666666
euclideanDistance: 0.2152022603122506
inversionPercent: 8.870090237875617