averageError: 7.547700619196827E-5
maxError: 0.01369290640416689
percentOfTop: 0.75
euclideanDistance: 0.29151344377285054
inversionPercent: 2.2650191129638193