averageError: 5.39055759528931E-5
maxError: 0.07875711549088521
percentOfTop: 0.8490566037735849
euclideanDistance: 0.0769147861599531
inversionPercent: 2.051288548430969