averageError: 1.485906322644358E-4
maxError: 0.024263029140151344
percentOfTop: 0.6212121212121212
euclideanDistance: 0.2533268471129273
inversionPercent: 9.524929611513317