averageError: 5.461347096980038E-5
maxError: 0.07537334424482885
percentOfTop: 0.8264150943396227
euclideanDistance: 0.08140835968018
inversionPercent: 2.0723517784263255