averageError: 7.6670494336807E-5
maxError: 0.013616041581965993
percentOfTop: 0.7712765957446809
euclideanDistance: 0.27162840983344116
inversionPercent: 2.3107075540981143