averageError: 5.50857589217454E-5
maxError: 0.10058885861561061
percentOfTop: 0.8452830188679246
euclideanDistance: 0.3456397190374096
inversionPercent: 9.153474647529533