averageError: 5.301556893165597E-5
maxError: 0.07349140025009743
percentOfTop: 0.7169811320754716
euclideanDistance: 0.14230082680763748
inversionPercent: 3.775571136018641