averageError: 1.373979693671711E-4
maxError: 0.18526994312866907
percentOfTop: 0.58656330749354
euclideanDistance: 0.2571857279775291
inversionPercent: 2.9471856078469907