averageError: 1.3245300298449377E-4
maxError: 0.18468820178023299
percentOfTop: 0.8708010335917312
euclideanDistance: 0.13159535412147905
inversionPercent: 2.510735112925804