averageError: 1.4942989549551416E-4
maxError: 0.03203204022711997
percentOfTop: 0.6666666666666666
euclideanDistance: 0.2440225072414496
inversionPercent: 9.085091535464823