averageError: 5.3702941423323685E-5
maxError: 0.08008450576647955
percentOfTop: 0.8264150943396227
euclideanDistance: 0.07842455125790794
inversionPercent: 1.987609772390222