averageError: 1.4677137399942626E-4
maxError: 0.04133061204796215
percentOfTop: 0.6515151515151515
euclideanDistance: 0.24247473543407233
inversionPercent: 9.215128163721277