averageError: 1.3486404817444775E-4
maxError: 0.14546340193273022
percentOfTop: 0.8643410852713178
euclideanDistance: 0.1281816218905922
inversionPercent: 2.5059282222412906