averageError: 7.62273341500583E-5
maxError: 0.008873256143188077
percentOfTop: 0.776595744680851
euclideanDistance: 0.2853087237533426
inversionPercent: 2.3125442639409712