averageError: 7.913654775854621E-5
maxError: 0.01449009190450737
percentOfTop: 0.7340425531914894
euclideanDistance: 0.2768389545101492
inversionPercent: 2.3551609270562492