averageError: 7.41435658594721E-5
maxError: 0.014552787867331723
percentOfTop: 0.7127659574468085
euclideanDistance: 0.29861168317173076
inversionPercent: 2.317421534546554