averageError: 7.812744718678235E-5
maxError: 0.013305972883403015
percentOfTop: 0.7606382978723404
euclideanDistance: 0.2874655763052615
inversionPercent: 2.2800045311563713