averageError: 5.428943579370616E-5
maxError: 0.07853872412183396
percentOfTop: 0.8415094339622642
euclideanDistance: 0.07661762016154866
inversionPercent: 1.9116259450450181