averageError: 5.398127176435885E-5
maxError: 0.07660947655738966
percentOfTop: 0.8188679245283019
euclideanDistance: 0.06883356958746485
inversionPercent: 2.027272825198889