averageError: 1.4608757440682992E-4
maxError: 0.03023247138317683
percentOfTop: 0.6212121212121212
euclideanDistance: 0.29880605322302545
inversionPercent: 9.170412596339693