averageError: 5.462111224775396E-5
maxError: 0.07824876017890889
percentOfTop: 0.8301886792452831
euclideanDistance: 0.0724712936541934
inversionPercent: 1.899580560198996