averageError: 7.698266169326523E-5
maxError: 0.015073062602564658
percentOfTop: 0.7978723404255319
euclideanDistance: 0.2680930617875589
inversionPercent: 2.282805570425375