averageError: 7.667199637899588E-5
maxError: 0.01327730981408549
percentOfTop: 0.7287234042553191
euclideanDistance: 0.28560099539445977
inversionPercent: 2.3341153880379313