averageError: 5.467523773900056E-5
maxError: 0.08314334905842247
percentOfTop: 0.8415094339622642
euclideanDistance: 0.08131870862394876
inversionPercent: 1.9752773277011393