averageError: 5.3456796794347486E-5
maxError: 0.07476681808524198
percentOfTop: 0.8566037735849057
euclideanDistance: 0.07498426191322674
inversionPercent: 1.9831169719637982