averageError: 1.3279459792259595E-4
maxError: 0.17150292874851836
percentOfTop: 0.8708010335917312
euclideanDistance: 0.13413725786903788
inversionPercent: 2.517525062410307