averageError: 6.646271592908112E-5
maxError: 0.07052187751084234
percentOfTop: 0.8377358490566038
euclideanDistance: 0.44997913278835133
inversionPercent: 7.972298154449182