averageError: 1.348517432512398E-4
maxError: 0.1504568356967979
percentOfTop: 0.8733850129198967
euclideanDistance: 0.13038148021260249
inversionPercent: 2.4933673570942756