averageError: 1.3110177094307276E-4
maxError: 0.15763052130964575
percentOfTop: 0.8565891472868217
euclideanDistance: 0.13925456404612097
inversionPercent: 2.5070867165164876