averageError: 5.3962349682031895E-5
maxError: 0.07634900108009081
percentOfTop: 0.8528301886792453
euclideanDistance: 0.07020363582395035
inversionPercent: 1.951424538038033