averageError: 5.4147069546095914E-5
maxError: 0.08171323778021132
percentOfTop: 0.7056603773584905
euclideanDistance: 0.20317180796640016
inversionPercent: 5.493364344927512