averageError: 5.568502427429368E-5
maxError: 0.07591116685954849
percentOfTop: 0.6641509433962264
euclideanDistance: 0.16056645764169247
inversionPercent: 3.840661527410898