averageError: 5.3609700290648286E-5
maxError: 0.07024193907262702
percentOfTop: 0.8339622641509434
euclideanDistance: 0.07087509961156407
inversionPercent: 1.9588581324431624