averageError: 1.3013339005415724E-4
maxError: 0.16433544295154207
percentOfTop: 0.8630490956072352
euclideanDistance: 0.1318337189757214
inversionPercent: 2.523971290169139