averageError: 5.478479285613369E-5
maxError: 0.07585608878855146
percentOfTop: 0.8264150943396227
euclideanDistance: 0.07184203250583418
inversionPercent: 2.0773322381686437