averageError: 7.824254277809393E-5
maxError: 0.013001582759668428
percentOfTop: 0.7606382978723404
euclideanDistance: 0.2775511413979061
inversionPercent: 2.383652065493168