averageError: 1.4881858769760914E-4
maxError: 0.034871915934718015
percentOfTop: 0.6212121212121212
euclideanDistance: 0.22342978492364304
inversionPercent: 9.265022979617505