averageError: 1.475822006453787E-4
maxError: 0.02042952716364405
percentOfTop: 0.6515151515151515
euclideanDistance: 0.26240501073934214
inversionPercent: 9.202163842819111