averageError: 1.4923954384804989E-4
maxError: 0.03414287558773041
percentOfTop: 0.6515151515151515
euclideanDistance: 0.2259296448475611
inversionPercent: 9.09610264557773