averageError: 1.344633058483921E-4
maxError: 0.16757929448120004
percentOfTop: 0.8656330749354005
euclideanDistance: 0.1280057010048159
inversionPercent: 2.520198672694745