averageError: 1.3119441992171592E-4
maxError: 0.15690566360166858
percentOfTop: 0.8733850129198967
euclideanDistance: 0.12958848328058062
inversionPercent: 2.5344831594267387