averageError: 1.5321667794992498E-4
maxError: 0.01601116684770083
percentOfTop: 0.5454545454545454
euclideanDistance: 0.4360480608065652
inversionPercent: 11.060879960339639