averageError: 1.3248520078583731E-4
maxError: 0.1750981463282209
percentOfTop: 0.6317829457364341
euclideanDistance: 0.3503158898492869
inversionPercent: 3.3933073660397963