averageError: 5.444987513962177E-5
maxError: 0.08493142254509212
percentOfTop: 0.8113207547169812
euclideanDistance: 0.08580635148712595
inversionPercent: 1.9819693032870707