averageError: 7.891978564225341E-5
maxError: 0.013167266937187358
percentOfTop: 0.7819148936170213
euclideanDistance: 0.28095410778574503
inversionPercent: 2.3091932333747707