averageError: 7.803870699847868E-5
maxError: 0.010931351474800262
percentOfTop: 0.8085106382978723
euclideanDistance: 0.27446356737168665
inversionPercent: 2.357856395240342