averageError: 1.284220316175162E-4
maxError: 0.1456258225366881
percentOfTop: 0.8036175710594315
euclideanDistance: 0.15979315057789176
inversionPercent: 2.6133059535891388