averageError: 5.591879796386821E-5
maxError: 0.09760517074642036
percentOfTop: 0.8415094339622642
euclideanDistance: 0.28580186426860577
inversionPercent: 7.4155247584477735