averageError: 7.409155422746715E-5
maxError: 0.009063050470710791
percentOfTop: 0.6968085106382979
euclideanDistance: 0.3559975084150836
inversionPercent: 2.466322171189008