averageError: 1.43360756498659E-4
maxError: 0.028328635394203213
percentOfTop: 0.6666666666666666
euclideanDistance: 0.23120207414574695
inversionPercent: 8.808476157243836