averageError: 1.3216395380087587E-4
maxError: 0.15393222858633926
percentOfTop: 0.8074935400516796
euclideanDistance: 0.1789081737478103
inversionPercent: 2.6860878008256885