averageError: 1.365173754286925E-4
maxError: 0.1581562106552124
percentOfTop: 0.6576227390180879
euclideanDistance: 0.22022341737110251
inversionPercent: 2.7976143553325086