averageError: 7.495665390680542E-5
maxError: 0.011703284497198032
percentOfTop: 0.8085106382978723
euclideanDistance: 0.2579615340648266
inversionPercent: 2.28827426614105