averageError: 1.4494608303102896E-4
maxError: 0.031684924219717595
percentOfTop: 0.6666666666666666
euclideanDistance: 0.2073111740635225
inversionPercent: 9.054705685153252