averageError: 1.3083190049518838E-4
maxError: 0.15875607129300562
percentOfTop: 0.8656330749354005
euclideanDistance: 0.12718075976590215
inversionPercent: 2.5234730022809755