averageError: 1.4699951123693335E-4
maxError: 0.036891262992296864
percentOfTop: 0.5757575757575758
euclideanDistance: 0.2178668540980619
inversionPercent: 9.305114713874753