averageError: 1.4397023518005216E-4
maxError: 0.030125087122456404
percentOfTop: 0.6060606060606061
euclideanDistance: 0.22099619653565816
inversionPercent: 8.880467248751252