averageError: 1.3133670644148592E-4
maxError: 0.1579105493980518
percentOfTop: 0.8191214470284238
euclideanDistance: 0.15587206331217476
inversionPercent: 2.598108306678997