averageError: 5.5458460653387604E-5
maxError: 0.11746279609653645
percentOfTop: 0.879245283018868
euclideanDistance: 0.3430499772456715
inversionPercent: 7.913972787668525