averageError: 1.5103269940796004E-4
maxError: 0.044387028122144345
percentOfTop: 0.6060606060606061
euclideanDistance: 0.27164091322214357
inversionPercent: 10.012422328050453