averageError: 5.65215906762521E-5
maxError: 0.08494323727522302
percentOfTop: 0.8075471698113208
euclideanDistance: 0.28522960046703644
inversionPercent: 6.304232213721475