averageError: 1.4561201726654685E-4
maxError: 0.026819019301090586
percentOfTop: 0.6363636363636364
euclideanDistance: 0.23860493718567474
inversionPercent: 9.350237585875897