averageError: 7.693248758078505E-5
maxError: 0.010021847304919599
percentOfTop: 0.723404255319149
euclideanDistance: 0.2790616133347216
inversionPercent: 2.2877174638061173