averageError: 8.024197812121039E-5
maxError: 0.008352717725277336
percentOfTop: 0.7819148936170213
euclideanDistance: 0.29478705452095527
inversionPercent: 2.316688212816959