averageError: 5.3988689792257065E-5
maxError: 0.08615771417496412
percentOfTop: 0.7169811320754716
euclideanDistance: 0.20010900587582553
inversionPercent: 4.304074559085997