averageError: 1.4536523579616292E-4
maxError: 0.041797324595625476
percentOfTop: 0.5909090909090909
euclideanDistance: 0.21380365714855826
inversionPercent: 9.015160109363142