averageError: 7.734150460865169E-5
maxError: 0.0088826953251059
percentOfTop: 0.776595744680851
euclideanDistance: 0.3064467767139015
inversionPercent: 2.3279326685329136