averageError: 1.4789263196784334E-4
maxError: 0.033424236715425173
percentOfTop: 0.6363636363636364
euclideanDistance: 0.22569273467841708
inversionPercent: 9.4145732019202