averageError: 1.4383097856621266E-4
maxError: 0.032430168786414
percentOfTop: 0.6363636363636364
euclideanDistance: 0.24510978189221566
inversionPercent: 9.105169801824548