averageError: 7.809504551083942E-5
maxError: 0.009644916441286299
percentOfTop: 0.6223404255319149
euclideanDistance: 0.4017916249859694
inversionPercent: 2.406402066704965