averageError: 1.5612958891049098E-4
maxError: 0.02301505931000412
percentOfTop: 0.5909090909090909
euclideanDistance: 0.2979261298872596
inversionPercent: 9.755015065411039