averageError: 1.6836684185402863E-4
maxError: 0.04033479334943725
percentOfTop: 0.4393939393939394
euclideanDistance: 0.48579820617026315
inversionPercent: 12.529481564629222