averageError: 1.3006855427586132E-4
maxError: 0.14894475807307217
percentOfTop: 0.8746770025839793
euclideanDistance: 0.12520537805335352
inversionPercent: 2.511830477367283