averageError: 1.3248597160499262E-4
maxError: 0.18772993874588356
percentOfTop: 0.8656330749354005
euclideanDistance: 0.129275926965691
inversionPercent: 2.5178455574369663