averageError: 1.327100819553597E-4
maxError: 0.153213226818261
percentOfTop: 0.8682170542635659
euclideanDistance: 0.12398688480450372
inversionPercent: 2.509693320280753