averageError: 1.3051494460928763E-4
maxError: 0.17071829850374792
percentOfTop: 0.872093023255814
euclideanDistance: 0.12999996457025037
inversionPercent: 2.551979915341991