averageError: 5.361410300634491E-5
maxError: 0.08027505467532979
percentOfTop: 0.8452830188679246
euclideanDistance: 0.07377802759324636
inversionPercent: 1.8696698376649479