averageError: 1.3290922155495137E-4
maxError: 0.14925898410750815
percentOfTop: 0.5891472868217055
euclideanDistance: 0.28763912733036584
inversionPercent: 2.9921582119053762