averageError: 7.500556438308414E-5
maxError: 0.013157619207235837
percentOfTop: 0.6063829787234043
euclideanDistance: 0.3970965921836952
inversionPercent: 2.359363337339472