averageError: 1.309339049610198E-4
maxError: 0.15511120182313098
percentOfTop: 0.8746770025839793
euclideanDistance: 0.13078803676588313
inversionPercent: 2.543785870127555