averageError: 5.4267174602589156E-5
maxError: 0.07591202058830782
percentOfTop: 0.8339622641509434
euclideanDistance: 0.07631724291605646
inversionPercent: 1.9575523811093223