averageError: 5.325476029384147E-5
maxError: 0.07364768347307715
percentOfTop: 0.8339622641509434
euclideanDistance: 0.07171360010909951
inversionPercent: 2.103253513718771