averageError: 1.309658189458003E-4
maxError: 0.15248262282740685
percentOfTop: 0.8656330749354005
euclideanDistance: 0.1284501394925761
inversionPercent: 2.5160982078573135