averageError: 1.3850937153616355E-4
maxError: 0.18858077724682795
percentOfTop: 0.5891472868217055
euclideanDistance: 0.3011751877815289
inversionPercent: 3.128818160185299