averageError: 1.4546963676022017E-4
maxError: 0.03215865516397859
percentOfTop: 0.7272727272727273
euclideanDistance: 0.21464041806253228
inversionPercent: 9.076635336147346