averageError: 1.3310045186077702E-4
maxError: 0.17111698404505435
percentOfTop: 0.8772609819121447
euclideanDistance: 0.12999982790177908
inversionPercent: 2.5067504808060375