averageError: 1.4677032345012116E-4
maxError: 0.03917174558437672
percentOfTop: 0.6515151515151515
euclideanDistance: 0.23967057158779992
inversionPercent: 9.276844070507947