averageError: 7.771085511015541E-5
maxError: 0.014657687774797224
percentOfTop: 0.776595744680851
euclideanDistance: 0.26984875718429985
inversionPercent: 2.363326793715451