averageError: 7.93896931561274E-5
maxError: 0.013527960160022669
percentOfTop: 0.7659574468085106
euclideanDistance: 0.2720991517608621
inversionPercent: 2.29175697677015