averageError: 5.3714471287177044E-5
maxError: 0.07265784211554688
percentOfTop: 0.8415094339622642
euclideanDistance: 0.06935599807428466
inversionPercent: 2.0555890244694974