averageError: 1.4444066508488592E-4
maxError: 0.03315073444418154
percentOfTop: 0.5909090909090909
euclideanDistance: 0.23117505352482123
inversionPercent: 9.305332251569292