averageError: 5.4981443267143844E-5
maxError: 0.0809154234214379
percentOfTop: 0.8113207547169812
euclideanDistance: 0.07541581518036178
inversionPercent: 1.8766226211003394