averageError: 1.4116032398638558E-4
maxError: 0.16523261310577314
percentOfTop: 0.5490956072351422
euclideanDistance: 0.2636817175507954
inversionPercent: 2.912229793450279