averageError: 5.4961015561017404E-5
maxError: 0.06642071178249778
percentOfTop: 0.8339622641509434
euclideanDistance: 0.07901273382949317
inversionPercent: 2.0250856346451553