averageError: 1.3119767744339725E-4
maxError: 0.1662494308616746
percentOfTop: 0.8359173126614987
euclideanDistance: 0.1411963353274723
inversionPercent: 2.5720325773202104