averageError: 5.397138075535434E-5
maxError: 0.07568965264117539
percentOfTop: 0.8113207547169812
euclideanDistance: 0.06697897006335586
inversionPercent: 1.8971882046083235