averageError: 1.319744979594249E-4
maxError: 0.14727424142451312
percentOfTop: 0.8630490956072352
euclideanDistance: 0.12746675976038194
inversionPercent: 2.515516838568079