averageError: 5.286394236591846E-5
maxError: 0.0810099788134176
percentOfTop: 0.6452830188679245
euclideanDistance: 0.11380547256939963
inversionPercent: 2.6810424866401963