averageError: 7.744207892835166E-5
maxError: 0.012058367528377733
percentOfTop: 0.675531914893617
euclideanDistance: 0.3719492216266099
inversionPercent: 2.4678279781151824