averageError: 5.427738988136873E-5
maxError: 0.09267737665889081
percentOfTop: 0.7735849056603774
euclideanDistance: 0.20419689641240818
inversionPercent: 5.243516417447503