averageError: 1.4278904510703306E-4
maxError: 0.0317193867431612
percentOfTop: 0.7121212121212122
euclideanDistance: 0.2080877264022816
inversionPercent: 9.221922745329408