averageError: 8.024189867112072E-5
maxError: 0.009180532495513998
percentOfTop: 0.7074468085106383
euclideanDistance: 0.3714204157448536
inversionPercent: 2.426309594834863