averageError: 5.559081821239174E-5
maxError: 0.10084254231103551
percentOfTop: 0.6641509433962264
euclideanDistance: 0.15069117030047371
inversionPercent: 3.6963748636305236