averageError: 1.3276622402072087E-4
maxError: 0.1566402250553034
percentOfTop: 0.8695090439276486
euclideanDistance: 0.13651846994515418
inversionPercent: 2.5169258135757895