averageError: 5.4460021293843964E-5
maxError: 0.07720683182267046
percentOfTop: 0.8188679245283019
euclideanDistance: 0.06480921341393432
inversionPercent: 1.9739473218079948