averageError: 1.482879983499497E-4
maxError: 0.03692830676385016
percentOfTop: 0.6212121212121212
euclideanDistance: 0.22866739706413827
inversionPercent: 9.284217209814319