averageError: 5.4648710153218236E-5
maxError: 0.07851627088714441
percentOfTop: 0.8264150943396227
euclideanDistance: 0.0677177215841994
inversionPercent: 1.9319118877516117