averageError: 1.320370906082389E-4
maxError: 0.17153937422031118
percentOfTop: 0.748062015503876
euclideanDistance: 0.19840440680089966
inversionPercent: 2.7583153821584703