averageError: 1.3108950883845686E-4
maxError: 0.15663404099941036
percentOfTop: 0.8695090439276486
euclideanDistance: 0.12363628300234293
inversionPercent: 2.508312685187808