averageError: 1.4652563926780256E-4
maxError: 0.02450028998534459
percentOfTop: 0.6818181818181818
euclideanDistance: 0.24056897011612458
inversionPercent: 9.152380110000944