averageError: 1.4536755721004328E-4
maxError: 0.02585913237197782
percentOfTop: 0.6060606060606061
euclideanDistance: 0.23469610206891106
inversionPercent: 9.163858694734028