averageError: 1.4158996058160977E-4
maxError: 0.02705328897136274
percentOfTop: 0.6363636363636364
euclideanDistance: 0.24297411402848315
inversionPercent: 9.419493256586035