averageError: 1.317097256297498E-4
maxError: 0.15728658224088732
percentOfTop: 0.8604651162790697
euclideanDistance: 0.12353214667824101
inversionPercent: 2.5246918191341825