averageError: 7.92339267806089E-5
maxError: 0.013278254899788908
percentOfTop: 0.7659574468085106
euclideanDistance: 0.2727878045015198
inversionPercent: 2.312320067282155