averageError: 5.456787070945129E-5
maxError: 0.07922937161957272
percentOfTop: 0.8377358490566038
euclideanDistance: 0.0725893743358913
inversionPercent: 1.9674827683840108