averageError: 5.888669836699273E-5
maxError: 0.1323383057297987
percentOfTop: 0.9056603773584906
euclideanDistance: 0.5608383607648209
inversionPercent: 10.747949972545978