averageError: 1.4374497929687535E-4
maxError: 0.03415500853645431
percentOfTop: 0.696969696969697
euclideanDistance: 0.20898550939368216
inversionPercent: 9.318727019398947