averageError: 7.825373808872084E-5
maxError: 0.00960574755070171
percentOfTop: 0.7553191489361702
euclideanDistance: 0.28346508183190305
inversionPercent: 2.3124273411265