averageError: 5.326690730442063E-5
maxError: 0.07438109821501618
percentOfTop: 0.8603773584905661
euclideanDistance: 0.07837940435455316
inversionPercent: 1.9393608909355933