averageError: 1.3274887527404817E-4
maxError: 0.14400396045935782
percentOfTop: 0.8591731266149871
euclideanDistance: 0.12836666277623812
inversionPercent: 2.5110778320601517