averageError: 5.4990978442883695E-5
maxError: 0.0715799308437331
percentOfTop: 0.8075471698113208
euclideanDistance: 0.07147891559933975
inversionPercent: 1.8728623083649052