averageError: 7.713716753538291E-5
maxError: 0.008367207491703948
percentOfTop: 0.7819148936170213
euclideanDistance: 0.2884981625340682
inversionPercent: 2.322681358438319