averageError: 5.4253749631879104E-5
maxError: 0.08690665665913672
percentOfTop: 0.8641509433962264
euclideanDistance: 0.07815763138341367
inversionPercent: 1.974825907550323