averageError: 1.4877616826079946E-4
maxError: 0.027230737019586327
percentOfTop: 0.6060606060606061
euclideanDistance: 0.24204285295517564
inversionPercent: 9.499107424325462