averageError: 8.018566049127642E-5
maxError: 0.011589418479361987
percentOfTop: 0.7606382978723404
euclideanDistance: 0.27293841233098104
inversionPercent: 2.362748990680832