averageError: 6.44720610633045E-5
maxError: 0.11544093314717836
percentOfTop: 0.8452830188679246
euclideanDistance: 0.6240264623375851
inversionPercent: 11.563880481236138