averageError: 1.3169717514858377E-4
maxError: 0.14222897584071786
percentOfTop: 0.6821705426356589
euclideanDistance: 0.47804772960467035
inversionPercent: 3.743166053466217