averageError: 5.420326921999451E-5
maxError: 0.0751089708962436
percentOfTop: 0.8452830188679246
euclideanDistance: 0.06550498354157813
inversionPercent: 2.0115578682040063