averageError: 7.954942029148458E-5
maxError: 0.013933933647461262
percentOfTop: 0.776595744680851
euclideanDistance: 0.2739517741448142
inversionPercent: 2.2632170258961217