averageError: 1.4594002824820413E-4
maxError: 0.03317470704308745
percentOfTop: 0.7121212121212122
euclideanDistance: 0.2154605757518793
inversionPercent: 9.268665578885624