averageError: 8.003078378653145E-5
maxError: 0.011055941486487546
percentOfTop: 0.7606382978723404
euclideanDistance: 0.2783472342017889
inversionPercent: 2.3099038516452453