averageError: 7.853212293213692E-5
maxError: 0.009517273596344423
percentOfTop: 0.7978723404255319
euclideanDistance: 0.29270188978379674
inversionPercent: 2.3016851994435883