averageError: 1.3305181390788808E-4
maxError: 0.16684087138674453
percentOfTop: 0.8708010335917312
euclideanDistance: 0.12375233142569661
inversionPercent: 2.5205068358481153