averageError: 1.394495799070026E-4
maxError: 0.035161510813883856
percentOfTop: 0.7727272727272727
euclideanDistance: 0.23223718371187302
inversionPercent: 9.008471982371486