averageError: 7.884639493868707E-5
maxError: 0.01109479445584634
percentOfTop: 0.7659574468085106
euclideanDistance: 0.27419478599144986
inversionPercent: 2.2347877543853065