averageError: 1.49086748967652E-4
maxError: 0.018742085095048624
percentOfTop: 0.6212121212121212
euclideanDistance: 0.26659923182668616
inversionPercent: 9.354717936691069