averageError: 1.3242916447351168E-4
maxError: 0.14543788705673258
percentOfTop: 0.7532299741602068
euclideanDistance: 0.21065157347076816
inversionPercent: 2.7168568941113707