averageError: 1.4093111580166747E-4
maxError: 0.033614972458006945
percentOfTop: 0.7272727272727273
euclideanDistance: 0.19440039423184263
inversionPercent: 9.198076911238742