averageError: 7.406512604401517E-5
maxError: 0.011642126040726229
percentOfTop: 0.7872340425531915
euclideanDistance: 0.26540901237500647
inversionPercent: 2.3317127944764935