averageError: 1.4917074989127043E-4
maxError: 0.04437314796565714
percentOfTop: 0.6060606060606061
euclideanDistance: 0.3087729794934727
inversionPercent: 10.757114026455639