averageError: 7.815039641331957E-5
maxError: 0.01223893876576061
percentOfTop: 0.7872340425531915
euclideanDistance: 0.28221197328507974
inversionPercent: 2.272719558711049