averageError: 7.801873591955155E-5
maxError: 0.013532786182959571
percentOfTop: 0.8191489361702128
euclideanDistance: 0.2591867702894407
inversionPercent: 2.336796098973596