averageError: 7.831939845914236E-5
maxError: 0.013242188050600295
percentOfTop: 0.7659574468085106
euclideanDistance: 0.28168194945146546
inversionPercent: 2.2928053089950433