averageError: 1.4242698095613877E-4
maxError: 0.03227957922536137
percentOfTop: 0.696969696969697
euclideanDistance: 0.20884138307447214
inversionPercent: 8.897347248155107