averageError: 7.63566900718885E-5
maxError: 0.010066050427662742
percentOfTop: 0.7978723404255319
euclideanDistance: 0.2732717461638317
inversionPercent: 2.25838516220878