averageError: 7.911857855997504E-5
maxError: 0.01011521453067367
percentOfTop: 0.7978723404255319
euclideanDistance: 0.27970412062456
inversionPercent: 2.341903242102775