averageError: 1.457701520051256E-4
maxError: 0.02076947060402311
percentOfTop: 0.6666666666666666
euclideanDistance: 0.31154847482708425
inversionPercent: 9.566113662704842