averageError: 1.4644661972206577E-4
maxError: 0.038018428621294106
percentOfTop: 0.5606060606060606
euclideanDistance: 0.2261966802785138
inversionPercent: 9.368441325293325