averageError: 5.481649279838654E-5
maxError: 0.07902275936552544
percentOfTop: 0.8339622641509434
euclideanDistance: 0.07217087876885313
inversionPercent: 1.9449240307967273