averageError: 5.7199921147157736E-5
maxError: 0.07819549209137362
percentOfTop: 0.690566037735849
euclideanDistance: 0.21691541080154597
inversionPercent: 4.6879080963359705