averageError: 1.3219401055023454E-4
maxError: 0.17730702041781693
percentOfTop: 0.8669250645994832
euclideanDistance: 0.12370775065761402
inversionPercent: 2.4915266996820433