averageError: 1.3170452118746375E-4
maxError: 0.1627119812748694
percentOfTop: 0.8604651162790697
euclideanDistance: 0.1322322296349204
inversionPercent: 2.50220326127451