averageError: 1.3402087214793001E-4
maxError: 0.14896868357870766
percentOfTop: 0.8656330749354005
euclideanDistance: 0.1322371805528246
inversionPercent: 2.516410982930776