averageError: 5.4683522198293645E-5
maxError: 0.07469598298215441
percentOfTop: 0.8113207547169812
euclideanDistance: 0.07494211307511567
inversionPercent: 1.9198074359199893