averageError: 1.4893547305828232E-4
maxError: 0.03065964519905111
percentOfTop: 0.6515151515151515
euclideanDistance: 0.23193596176376383
inversionPercent: 9.465041947053084