averageError: 7.833095967080839E-5
maxError: 0.011420249652289731
percentOfTop: 0.7340425531914894
euclideanDistance: 0.27482769814085606
inversionPercent: 2.3441593983528843