averageError: 7.638692090469096E-5
maxError: 0.01717770031502082
percentOfTop: 0.7872340425531915
euclideanDistance: 0.26471617037761985
inversionPercent: 2.287718031392595