averageError: 1.2978211130858808E-4
maxError: 0.1489568043128635
percentOfTop: 0.8695090439276486
euclideanDistance: 0.12423551078236177
inversionPercent: 2.5174500017398302