averageError: 1.3393075477614684E-4
maxError: 0.1577909483899353
percentOfTop: 0.7209302325581395
euclideanDistance: 0.20255169424961506
inversionPercent: 2.7495324482198678