averageError: 1.5436026980760343E-4
maxError: 0.02437714739756831
percentOfTop: 0.6212121212121212
euclideanDistance: 0.3930454005050921
inversionPercent: 11.548863293804883