averageError: 1.3081758677750655E-4
maxError: 0.16491645628694984
percentOfTop: 0.8746770025839793
euclideanDistance: 0.12714519828594276
inversionPercent: 2.5211750295460322