averageError: 5.394644162707501E-5
maxError: 0.07509918262121497
percentOfTop: 0.8339622641509434
euclideanDistance: 0.07585071042729095
inversionPercent: 2.020235578827567