averageError: 5.451181117558156E-5
maxError: 0.08511215156436058
percentOfTop: 0.7509433962264151
euclideanDistance: 0.19425244710159198
inversionPercent: 4.5044993990932936