averageError: 1.4587152878892473E-4
maxError: 0.02890464316714796
percentOfTop: 0.6666666666666666
euclideanDistance: 0.2302879802586528
inversionPercent: 9.13668962522467