averageError: 5.432375529276079E-5
maxError: 0.07594179666813682
percentOfTop: 0.8339622641509434
euclideanDistance: 0.0702996178064681
inversionPercent: 1.8976070951148964