averageError: 1.2872435169498903E-4
maxError: 0.1651529805994912
percentOfTop: 0.582687338501292
euclideanDistance: 0.28087425163929186
inversionPercent: 3.0076141597603607