averageError: 1.3345495104019248E-4
maxError: 0.14575957451361665
percentOfTop: 0.8578811369509044
euclideanDistance: 0.13555905556831094
inversionPercent: 2.514934433267809