averageError: 5.4459802325397074E-5
maxError: 0.0747567687823418
percentOfTop: 0.6339622641509434
euclideanDistance: 0.12212914372169748
inversionPercent: 3.2244890010210456