averageError: 5.425957048914599E-5
maxError: 0.07641176681334853
percentOfTop: 0.8188679245283019
euclideanDistance: 0.07701240443093049
inversionPercent: 2.049280841616087