averageError: 1.6638018068711953E-4
maxError: 0.022283916260868748
percentOfTop: 0.45454545454545453
euclideanDistance: 0.48357585740563425
inversionPercent: 11.60856581980168