averageError: 1.4584718637629407E-4
maxError: 0.03430743429735558
percentOfTop: 0.6515151515151515
euclideanDistance: 0.22507370455339773
inversionPercent: 8.901818342047106