averageError: 7.752776290362092E-5
maxError: 0.01381562721316751
percentOfTop: 0.7393617021276596
euclideanDistance: 0.27794105399568286
inversionPercent: 2.2986571255833783