averageError: 1.449889675516688E-4
maxError: 0.03328909181739277
percentOfTop: 0.6666666666666666
euclideanDistance: 0.21271890960430592
inversionPercent: 9.39780428559441