averageError: 1.483442698641891E-4
maxError: 0.03222351722515046
percentOfTop: 0.6666666666666666
euclideanDistance: 0.21513694687878138
inversionPercent: 9.082175604665693