averageError: 5.4907725247141694E-5
maxError: 0.07686508356579806
percentOfTop: 0.8150943396226416
euclideanDistance: 0.07867828852535905
inversionPercent: 2.1049536156521236