averageError: 5.403416989417176E-5
maxError: 0.07102219237161757
percentOfTop: 0.8339622641509434
euclideanDistance: 0.08538868393708764
inversionPercent: 1.9613021359777651