averageError: 7.70569341042006E-5
maxError: 0.01110124931922075
percentOfTop: 0.7925531914893617
euclideanDistance: 0.27515994908165253
inversionPercent: 2.3709142897535553