averageError: 5.355805263936624E-5
maxError: 0.08286681470306029
percentOfTop: 0.8377358490566038
euclideanDistance: 0.07403802243167032
inversionPercent: 1.87883549295216