averageError: 7.83778049331945E-5
maxError: 0.011583542119543015
percentOfTop: 0.7659574468085106
euclideanDistance: 0.27536047986502815
inversionPercent: 2.3336749409309916