averageError: 1.3344048766378552E-4
maxError: 0.16005049323182338
percentOfTop: 0.8604651162790697
euclideanDistance: 0.13038730583406816
inversionPercent: 2.5447588515880506