averageError: 5.384820548966006E-5
maxError: 0.08595304929880893
percentOfTop: 0.8226415094339623
euclideanDistance: 0.07937975392334655
inversionPercent: 1.9961371047460965