averageError: 5.4347834019347454E-5
maxError: 0.07428698863339597
percentOfTop: 0.7773584905660378
euclideanDistance: 0.09227053297870445
inversionPercent: 2.445304149676883