averageError: 7.714959844379108E-5
maxError: 0.009380009723480782
percentOfTop: 0.7659574468085106
euclideanDistance: 0.29000010064407844
inversionPercent: 2.2920895824462666