averageError: 1.4301835049503048E-4
maxError: 0.03707898006323271
percentOfTop: 0.6363636363636364
euclideanDistance: 0.29274707024915214
inversionPercent: 10.200675746134621