averageError: 7.754550136625174E-5
maxError: 0.016542928763583056
percentOfTop: 0.7553191489361702
euclideanDistance: 0.2892450629861577
inversionPercent: 2.364915468267415