averageError: 1.3170949569158504E-4
maxError: 0.14756760669567656
percentOfTop: 0.8023255813953488
euclideanDistance: 0.17441719344813908
inversionPercent: 2.6440833015433904