averageError: 1.4526402894880276E-4
maxError: 0.035516218669006894
percentOfTop: 0.6212121212121212
euclideanDistance: 0.20745409058748532
inversionPercent: 9.16494638320672