averageError: 1.358585159442731E-4
maxError: 0.16367769246231598
percentOfTop: 0.6304909560723514
euclideanDistance: 0.30978971669418137
inversionPercent: 3.1208431477555063