averageError: 7.881028827169205E-5
maxError: 0.012223343660226498
percentOfTop: 0.7074468085106383
euclideanDistance: 0.3612975400134224
inversionPercent: 2.479210357345295