averageError: 5.756202548571636E-5
maxError: 0.07771697678383935
percentOfTop: 0.8490566037735849
euclideanDistance: 0.39441610590929055
inversionPercent: 8.791783525490079