averageError: 7.687030864013617E-5
maxError: 0.013229612753478325
percentOfTop: 0.7819148936170213
euclideanDistance: 0.27775550789198816
inversionPercent: 2.271167777280156