averageError: 7.883968337333068E-5
maxError: 0.012837755680535442
percentOfTop: 0.7925531914893617
euclideanDistance: 0.27524644530261205
inversionPercent: 2.320327009727513