averageError: 1.322242790753036E-4
maxError: 0.1578734570288714
percentOfTop: 0.8604651162790697
euclideanDistance: 0.1258213691796252
inversionPercent: 2.4991694533469726