averageError: 1.472686406643288E-4
maxError: 0.03470617755850082
percentOfTop: 0.6363636363636364
euclideanDistance: 0.22962758495600502
inversionPercent: 9.34751142200179