averageError: 1.310715444359508E-4
maxError: 0.16194207212735506
percentOfTop: 0.8604651162790697
euclideanDistance: 0.12683222195155852
inversionPercent: 2.500505874162517