averageError: 5.3700976817994E-5
maxError: 0.08790067828380263
percentOfTop: 0.660377358490566
euclideanDistance: 0.1253555100376436
inversionPercent: 3.3730516009328873