averageError: 1.412850413542371E-4
maxError: 0.033055176195808195
percentOfTop: 0.6212121212121212
euclideanDistance: 0.2156639875435578
inversionPercent: 9.067818116826166