averageError: 5.4776976833315176E-5
maxError: 0.07737941035857238
percentOfTop: 0.8415094339622642
euclideanDistance: 0.07077391425823074
inversionPercent: 1.9981602203398305