averageError: 1.3024528185426906E-4
maxError: 0.14939113018724898
percentOfTop: 0.8656330749354005
euclideanDistance: 0.1320632468703553
inversionPercent: 2.5190582584830956