averageError: 5.409890126627518E-5
maxError: 0.07174249932106952
percentOfTop: 0.8150943396226416
euclideanDistance: 0.06725277132439496
inversionPercent: 1.9495643560132723