averageError: 1.4710427086724677E-4
maxError: 0.03841032260731289
percentOfTop: 0.6060606060606061
euclideanDistance: 0.22446356261790956
inversionPercent: 9.24939266484185