averageError: 1.3305833511578581E-4
maxError: 0.1402822529674168
percentOfTop: 0.8617571059431525
euclideanDistance: 0.14351587467973514
inversionPercent: 2.498683497332098