averageError: 1.4430541423076558E-4
maxError: 0.018726919539464777
percentOfTop: 0.6212121212121212
euclideanDistance: 0.31401871454106417
inversionPercent: 9.391838198610156