averageError: 5.4318550215207194E-5
maxError: 0.07404185138556599
percentOfTop: 0.8528301886792453
euclideanDistance: 0.07979765278620517
inversionPercent: 1.879113707014768