averageError: 1.483473859271594E-4
maxError: 0.04766441284124791
percentOfTop: 0.6515151515151515
euclideanDistance: 0.2552612741241786
inversionPercent: 9.102661175644979