averageError: 1.5427272566673737E-4
maxError: 0.04282739238905048
percentOfTop: 0.6212121212121212
euclideanDistance: 0.3028210401628355
inversionPercent: 10.56900871914222