averageError: 7.982529262670873E-5
maxError: 0.013296510101879473
percentOfTop: 0.7606382978723404
euclideanDistance: 0.26708959230745105
inversionPercent: 2.360711355224758