averageError: 5.404292028872609E-5
maxError: 0.07792129283315233
percentOfTop: 0.8301886792452831
euclideanDistance: 0.06811006928062385
inversionPercent: 1.947102375570009