averageError: 7.636291350391373E-5
maxError: 0.011108862989033868
percentOfTop: 0.8138297872340425
euclideanDistance: 0.27515196274963877
inversionPercent: 2.238301682270697