averageError: 1.4648217665496748E-4
maxError: 0.018460726688047498
percentOfTop: 0.6363636363636364
euclideanDistance: 0.2804525413554778
inversionPercent: 9.569654435818071