averageError: 5.4108550045493356E-5
maxError: 0.07223601070337089
percentOfTop: 0.8377358490566038
euclideanDistance: 0.06944199490869837
inversionPercent: 1.881291766440293