averageError: 1.2684849684973444E-4
maxError: 0.17589594008997916
percentOfTop: 0.5671834625322998
euclideanDistance: 0.23504479705506812
inversionPercent: 2.9166916590404