averageError: 7.197099074927684E-5
maxError: 0.009220371734339988
percentOfTop: 0.6595744680851063
euclideanDistance: 0.3731837036492251
inversionPercent: 2.4112662828215536