averageError: 7.924161159993249E-5
maxError: 0.008479779397137762
percentOfTop: 0.7393617021276596
euclideanDistance: 0.29457898964603735
inversionPercent: 2.3724280428904216