averageError: 7.751178170729462E-5
maxError: 0.008683188923439075
percentOfTop: 0.7446808510638298
euclideanDistance: 0.29169161352551165
inversionPercent: 2.2784328841987476