averageError: 5.49653343999352E-5
maxError: 0.07827134550457052
percentOfTop: 0.8377358490566038
euclideanDistance: 0.07362722791880037
inversionPercent: 1.96960718243131