averageError: 7.769069064696718E-5
maxError: 0.009995337608794147
percentOfTop: 0.7553191489361702
euclideanDistance: 0.28799443214678144
inversionPercent: 2.339135690435974