averageError: 5.462891720905572E-5
maxError: 0.07732295863838459
percentOfTop: 0.8150943396226416
euclideanDistance: 0.07207611516771902
inversionPercent: 1.9458108916239947