averageError: 1.499413012990371E-4
maxError: 0.029709601999839342
percentOfTop: 0.6060606060606061
euclideanDistance: 0.23940635780928013
inversionPercent: 9.24374131324544