averageError: 5.461171917428949E-5
maxError: 0.08172091901401393
percentOfTop: 0.8339622641509434
euclideanDistance: 0.07450093168843062
inversionPercent: 1.9853438258556884