averageError: 5.470799320090014E-5
maxError: 0.07811143716127633
percentOfTop: 0.7886792452830189
euclideanDistance: 0.0750666135908918
inversionPercent: 1.972091419999582