averageError: 1.3250297179147016E-4
maxError: 0.1634309305261009
percentOfTop: 0.8695090439276486
euclideanDistance: 0.13059717183937072
inversionPercent: 2.5236225220671353