averageError: 7.815039159671862E-5
maxError: 0.014984135840751792
percentOfTop: 0.5319148936170213
euclideanDistance: 0.43210361298422406
inversionPercent: 2.54124301870051