averageError: 7.490821899425466E-5
maxError: 0.011531903521491206
percentOfTop: 0.8191489361702128
euclideanDistance: 0.2662713087056215
inversionPercent: 2.250259026603039