averageError: 5.489894360413977E-5
maxError: 0.0724090588132626
percentOfTop: 0.8603773584905661
euclideanDistance: 0.07727115045202654
inversionPercent: 2.015994169774639