averageError: 7.843925965260863E-5
maxError: 0.011857649604502493
percentOfTop: 0.7553191489361702
euclideanDistance: 0.26931658342152176
inversionPercent: 2.355786407355022