averageError: 1.3269298112556302E-4
maxError: 0.150366403498285
percentOfTop: 0.8656330749354005
euclideanDistance: 0.12530135191393535
inversionPercent: 2.509720223147954