averageError: 5.5192081349703554E-5
maxError: 0.08159815156867134
percentOfTop: 0.6566037735849056
euclideanDistance: 0.12058488855029567
inversionPercent: 3.1358337358520125