averageError: 5.466494229050901E-5
maxError: 0.07119806751674698
percentOfTop: 0.8113207547169812
euclideanDistance: 0.07768143677037379
inversionPercent: 1.9301815389560681