averageError: 1.278668131774406E-4
maxError: 0.18058684054587026
percentOfTop: 0.8643410852713178
euclideanDistance: 0.12923570481096436
inversionPercent: 2.519837338781477