averageError: 7.753283606230591E-5
maxError: 0.01641926639267341
percentOfTop: 0.7925531914893617
euclideanDistance: 0.2689125785287766
inversionPercent: 2.2619178204479455