averageError: 1.4651268212364764E-4
maxError: 0.02016998835390224
percentOfTop: 0.6515151515151515
euclideanDistance: 0.27888304557024013
inversionPercent: 9.583627761345967