averageError: 5.392963261379235E-5
maxError: 0.08405298758129381
percentOfTop: 0.8452830188679246
euclideanDistance: 0.07722111333821527
inversionPercent: 1.885317452589292