averageError: 7.404631281460082E-5
maxError: 0.011213991665701166
percentOfTop: 0.6117021276595744
euclideanDistance: 0.40524272779019355
inversionPercent: 2.4072937450619265