averageError: 1.4666472321762052E-4
maxError: 0.02169921563114632
percentOfTop: 0.5757575757575758
euclideanDistance: 0.25018074269121326
inversionPercent: 9.4983067004711