averageError: 7.882973898186405E-5
maxError: 0.013605239286705728
percentOfTop: 0.7712765957446809
euclideanDistance: 0.26487895120961197
inversionPercent: 2.2853477902604045