averageError: 1.439314576370098E-4
maxError: 0.04309541036420565
percentOfTop: 0.6666666666666666
euclideanDistance: 0.25086425579857563
inversionPercent: 9.098139168675536