averageError: 1.349515184043384E-4
maxError: 0.1539814074255429
percentOfTop: 0.8630490956072352
euclideanDistance: 0.12687488062644722
inversionPercent: 2.4991218302590696