averageError: 1.4461178529093173E-4
maxError: 0.022948661159858285
percentOfTop: 0.6060606060606061
euclideanDistance: 0.25489914501467564
inversionPercent: 9.280944887473073