averageError: 1.4459783873152943E-4
maxError: 0.0248314323244721
percentOfTop: 0.696969696969697
euclideanDistance: 0.24071152483985914
inversionPercent: 9.13836975678036