averageError: 1.3058514813761333E-4
maxError: 0.15295507643498607
percentOfTop: 0.6291989664082688
euclideanDistance: 0.2884935597752833
inversionPercent: 3.1395788391898725