averageError: 1.3065852551571509E-4
maxError: 0.16622313715012085
percentOfTop: 0.8656330749354005
euclideanDistance: 0.12642337004030965
inversionPercent: 2.5283727997615384