averageError: 1.5478635946894034E-4
maxError: 0.03090315614660891
percentOfTop: 0.5757575757575758
euclideanDistance: 0.45742020402344186
inversionPercent: 10.466636405784818