averageError: 1.442555927279293E-4
maxError: 0.02347208947073483
percentOfTop: 0.696969696969697
euclideanDistance: 0.23626151242071755
inversionPercent: 9.208305811343628