averageError: 1.3422176402355258E-4
maxError: 0.16082837828162427
percentOfTop: 0.7403100775193798
euclideanDistance: 0.20361470446491403
inversionPercent: 2.749878776682982