averageError: 1.3081698850742255E-4
maxError: 0.15866695758198424
percentOfTop: 0.8410852713178295
euclideanDistance: 0.1570382523145541
inversionPercent: 2.6090792290842706