averageError: 7.49671661078815E-5
maxError: 0.01029403032141876
percentOfTop: 0.7446808510638298
euclideanDistance: 0.2630297140815354
inversionPercent: 2.2255474465232226