averageError: 1.4477703874203891E-4
maxError: 0.03218538859881451
percentOfTop: 0.7121212121212122
euclideanDistance: 0.21505570502306687
inversionPercent: 9.144423784534746