averageError: 1.4327719685917022E-4
maxError: 0.02425898863726955
percentOfTop: 0.6666666666666666
euclideanDistance: 0.2683605257829389
inversionPercent: 8.964140577301533