averageError: 7.867993731006696E-5
maxError: 0.013301309658569708
percentOfTop: 0.7553191489361702
euclideanDistance: 0.27691079154827053
inversionPercent: 2.291682055355052