averageError: 5.5297391298499194E-5
maxError: 0.07042841418495109
percentOfTop: 0.8301886792452831
euclideanDistance: 0.07645775562126282
inversionPercent: 1.9056122410763374