averageError: 1.3162263746688833E-4
maxError: 0.18669613138038932
percentOfTop: 0.875968992248062
euclideanDistance: 0.1324014336514652
inversionPercent: 2.4988794036768605