averageError: 5.36776161672519E-5
maxError: 0.07331366473109857
percentOfTop: 0.8528301886792453
euclideanDistance: 0.06474351848352336
inversionPercent: 1.7796349160931355