averageError: 1.5032007245290748E-4
maxError: 0.021854166558088212
percentOfTop: 0.6515151515151515
euclideanDistance: 0.28040525078684325
inversionPercent: 9.478251576419302