averageError: 5.4540134595746254E-5
maxError: 0.0864484102841582
percentOfTop: 0.8150943396226416
euclideanDistance: 0.08080894423031693
inversionPercent: 1.9212492981336902