averageError: 1.310649613968918E-4
maxError: 0.17309434062764809
percentOfTop: 0.6266149870801033
euclideanDistance: 0.30475431003478126
inversionPercent: 3.1389619447480475