averageError: 1.322763256357618E-4
maxError: 0.164568008495246
percentOfTop: 0.8643410852713178
euclideanDistance: 0.12601769088685613
inversionPercent: 2.494876123358462