averageError: 1.3485256503407725E-4
maxError: 0.15429350819114454
percentOfTop: 0.8217054263565892
euclideanDistance: 0.16845006850907104
inversionPercent: 2.6222798477553044