averageError: 7.990381071807038E-5
maxError: 0.007790503716131789
percentOfTop: 0.6329787234042553
euclideanDistance: 0.4016622941576766
inversionPercent: 2.4556952495611335