averageError: 1.4556936599388346E-4
maxError: 0.036386617166541776
percentOfTop: 0.6818181818181818
euclideanDistance: 0.22408953871605491
inversionPercent: 9.31188152471337