averageError: 7.964106646272456E-5
maxError: 0.012332075494891471
percentOfTop: 0.7180851063829787
euclideanDistance: 0.33459008780593014
inversionPercent: 2.4082671558717226