averageError: 7.700592291664057E-5
maxError: 0.010930983850439077
percentOfTop: 0.8085106382978723
euclideanDistance: 0.2843717615906992
inversionPercent: 2.18791873337674