averageError: 1.3223458722547417E-4
maxError: 0.17806155665862206
percentOfTop: 0.8798449612403101
euclideanDistance: 0.12873370569281403
inversionPercent: 2.501590644555669