averageError: 7.789643145888435E-5
maxError: 0.010860753972147199
percentOfTop: 0.7819148936170213
euclideanDistance: 0.286320051323712
inversionPercent: 2.3269388246099094