averageError: 7.792482126380084E-5
maxError: 0.013995645139025395
percentOfTop: 0.6595744680851063
euclideanDistance: 0.36846980270524793
inversionPercent: 2.3955055415000333