averageError: 1.5545824572441076E-4
maxError: 0.0440401139207903
percentOfTop: 0.6212121212121212
euclideanDistance: 0.24017980204229242
inversionPercent: 9.6805986600326