averageError: 7.760493547963519E-5
maxError: 0.013044109101838149
percentOfTop: 0.7872340425531915
euclideanDistance: 0.26941565447197147
inversionPercent: 2.2336366890078923