averageError: 1.3038997085420512E-4
maxError: 0.18152429003023868
percentOfTop: 0.8772609819121447
euclideanDistance: 0.12690049958372396
inversionPercent: 2.495175463708179