averageError: 1.3200738080228533E-4
maxError: 0.14082639704575745
percentOfTop: 0.8010335917312662
euclideanDistance: 0.16918303997156783
inversionPercent: 2.6283214296556596