averageError: 7.707338370127502E-5
maxError: 0.013503316850076346
percentOfTop: 0.776595744680851
euclideanDistance: 0.27238371277038753
inversionPercent: 2.3048438181937416