averageError: 5.7285772184450074E-5
maxError: 0.09681666409434636
percentOfTop: 0.7773584905660378
euclideanDistance: 0.2744678399570181
inversionPercent: 6.245703964685933