averageError: 1.2799985288032144E-4
maxError: 0.15810378708557615
percentOfTop: 0.872093023255814
euclideanDistance: 0.12255327534289681
inversionPercent: 2.524607167006703