averageError: 1.3244248262537267E-4
maxError: 0.2180841470740002
percentOfTop: 0.7842377260981912
euclideanDistance: 0.20535797270607123
inversionPercent: 2.7551227971848786