averageError: 1.3100150343466703E-4
maxError: 0.17502904475051545
percentOfTop: 0.8643410852713178
euclideanDistance: 0.12545169056523162
inversionPercent: 2.4864744414807696