averageError: 5.4719106095930214E-5
maxError: 0.08235906059977022
percentOfTop: 0.8377358490566038
euclideanDistance: 0.07436254807474156
inversionPercent: 2.001580969245005