averageError: 1.4275423801856561E-4
maxError: 0.016810733026648792
percentOfTop: 0.6212121212121212
euclideanDistance: 0.2990801516301915
inversionPercent: 9.085961686242976