averageError: 7.794077077397751E-5
maxError: 0.011026258071130056
percentOfTop: 0.6329787234042553
euclideanDistance: 0.4093401710018029
inversionPercent: 2.4068981372867504