averageError: 7.642580268269954E-5
maxError: 0.009625917733754095
percentOfTop: 0.7393617021276596
euclideanDistance: 0.27878111719635873
inversionPercent: 2.318330808084334