averageError: 1.4382139608746578E-4
maxError: 0.04377640100694795
percentOfTop: 0.6515151515151515
euclideanDistance: 0.32207928607845226
inversionPercent: 10.18526759751509