averageError: 1.4682019345146948E-4
maxError: 0.026258084671181865
percentOfTop: 0.6515151515151515
euclideanDistance: 0.23580257612857347
inversionPercent: 9.310969717780944