averageError: 1.3852560375108197E-4
maxError: 0.1868612303126468
percentOfTop: 0.5968992248062015
euclideanDistance: 0.24254088394417378
inversionPercent: 2.891753469798133