averageError: 1.469896430445647E-4
maxError: 0.026485431731069976
percentOfTop: 0.6666666666666666
euclideanDistance: 0.237938769359402
inversionPercent: 9.221311788400067