averageError: 7.650328512088159E-5
maxError: 0.012914727571001811
percentOfTop: 0.7819148936170213
euclideanDistance: 0.2804356093048811
inversionPercent: 2.292169612139667