averageError: 5.3592165838045944E-5
maxError: 0.08122727944280171
percentOfTop: 0.6566037735849056
euclideanDistance: 0.1349266817566072
inversionPercent: 3.6194197125221224