averageError: 1.312514864762107E-4
maxError: 0.18654110904782578
percentOfTop: 0.8746770025839793
euclideanDistance: 0.13075511471728013
inversionPercent: 2.5035927525908197