averageError: 5.544602641819888E-5
maxError: 0.07502689843766153
percentOfTop: 0.7547169811320755
euclideanDistance: 0.10010209844194422
inversionPercent: 2.5621129658953077