averageError: 1.2961278824904035E-4
maxError: 0.2397135657668027
percentOfTop: 0.6408268733850129
euclideanDistance: 0.30749924132458784
inversionPercent: 3.1216191868602037