averageError: 5.3826260528581736E-5
maxError: 0.10320293657009924
percentOfTop: 0.6452830188679245
euclideanDistance: 0.1395227111176861
inversionPercent: 3.353555215468588