averageError: 1.5173203128341929E-4
maxError: 0.020046476434605845
percentOfTop: 0.6212121212121212
euclideanDistance: 0.307222845519416
inversionPercent: 9.654258085147124