averageError: 5.4670062545052054E-5
maxError: 0.08648900792749832
percentOfTop: 0.7622641509433963
euclideanDistance: 0.18164741797833645
inversionPercent: 4.873642948489808