averageError: 1.3684680467620006E-4
maxError: 0.1859205893374019
percentOfTop: 0.6343669250645995
euclideanDistance: 0.3134177693000075
inversionPercent: 3.16944025312998