averageError: 1.325905640684866E-4
maxError: 0.17975774003648398
percentOfTop: 0.8191214470284238
euclideanDistance: 0.1584308167710982
inversionPercent: 2.6140963631694842