averageError: 7.72791684906148E-5
maxError: 0.035377998298670214
percentOfTop: 0.6989664082687338
euclideanDistance: 0.4821882288834117
inversionPercent: 4.019126207439113