averageError: 0.0016825545072826627
maxError: 0.34522168369200035
percentOfTop: 0.6312332039414751
euclideanDistance: 0.26759418213270475
inversionPercent: 4.311629064039791