averageError: 6.331350275044224E-5
maxError: 0.019170445251843755
percentOfTop: 0.40425531914893614
euclideanDistance: 1.0243610164767372
inversionPercent: 3.9156894331619414