averageError: 1.0498635871390559E-4
maxError: 0.14164658576819533
percentOfTop: 0.7312661498708011
euclideanDistance: 1.0000243068368873
inversionPercent: 6.6897721635277785