averageError: 1.0101758716084349E-4
maxError: 0.16306716676753397
percentOfTop: 0.7260981912144703
euclideanDistance: 0.9422251274436142
inversionPercent: 6.637910553962052