averageError: 4.4591874448945336E-5
maxError: 0.005067461231239899
percentOfTop: 0.5159574468085106
euclideanDistance: 0.6503239005836522
inversionPercent: 2.8212107248461877