averageError: 3.918181749421787E-5
maxError: 0.004901015373261801
percentOfTop: 0.5319148936170213
euclideanDistance: 0.5669900962065131
inversionPercent: 2.6117508813454453