averageError: 3.851272384699731E-5
maxError: 0.003660444845208513
percentOfTop: 0.7878787878787878
euclideanDistance: 0.16035091012274968
inversionPercent: 7.5719317314875765