averageError: 7.532880063672808E-5
maxError: 0.005322778219018012
percentOfTop: 0.5909090909090909
euclideanDistance: 0.4205757474957669
inversionPercent: 11.46278779369151