averageError: 0.003347721964738189
maxError: 5.508198726352198
percentOfTop: 0.5494177366378024
euclideanDistance: 1.0195397960111539
inversionPercent: 6.4468478982269355