averageError: 2.920380453267191E-10
maxError: 6.366071422784098E-8
percentOfTop: 1.0
euclideanDistance: 0.023561575363793687
inversionPercent: 0.10581588877732753