averageError: 4.97795118188495E-5
maxError: 0.006902397559468639
percentOfTop: 0.7424242424242424
euclideanDistance: 0.270876640066682
inversionPercent: 9.076963956919945