averageError: 3.983186721741189E-9
maxError: 6.970840983960787E-7
percentOfTop: 0.9848484848484849
euclideanDistance: 0.011692813164164408
inversionPercent: 0.27509724282080483