averageError: 3.745798551459386E-9
maxError: 2.1220238075947008E-7
percentOfTop: 0.9848484848484849
euclideanDistance: 0.008145107656197767
inversionPercent: 0.27192211817286294