averageError: 8.380450071770861E-5
maxError: 0.008593196065877152
percentOfTop: 0.5
euclideanDistance: 0.5101056500964809
inversionPercent: 12.099136463293453