averageError: 3.905819719972829E-9
maxError: 8.309098017923386E-7
percentOfTop: 0.9848484848484849
euclideanDistance: 0.01194053383007815
inversionPercent: 0.2559446687782634