averageError: 7.89497253887121E-10
maxError: 3.7756038129926097E-6
percentOfTop: 0.9962264150943396
euclideanDistance: 0.0038366126004700254
inversionPercent: 0.04922905099827843