averageError: 9.061665747235362E-5
maxError: 0.07217911654225348
percentOfTop: 0.7015503875968992
euclideanDistance: 0.738919730686738
inversionPercent: 4.854253466289063