averageError: 1.045561818634323E-12
maxError: 6.878330654682248E-9
percentOfTop: 1.0
euclideanDistance: 0.05850459834356745
inversionPercent: 1.4552735582572757E-5