averageError: 1.1381011623132048E-4
maxError: 0.01589627751202291
percentOfTop: 0.3787878787878788
euclideanDistance: 0.7025408002442751
inversionPercent: 14.806666151056046