averageError: 4.477086432015508E-9
maxError: 5.138355822892756E-6
percentOfTop: 0.9946808510638298
euclideanDistance: 0.03670453914788698
inversionPercent: 0.15874372134419054