averageError: 2.178305950681046E-5
maxError: 0.008735732607668885
percentOfTop: 0.7094339622641509
euclideanDistance: 0.1822058698113192
inversionPercent: 4.869097358728427