averageError: 3.9121859803893045E-11
maxError: 2.082888114265074E-7
percentOfTop: 0.9946808510638298
euclideanDistance: 0.05958876410457145
inversionPercent: 0.06802467180361944