averageError: 5.072784776503952E-5
maxError: 0.010458275954711618
percentOfTop: 0.7648578811369509
euclideanDistance: 0.1956070175965739
inversionPercent: 2.7130272291906254