averageError: 8.940282678487965E-6
maxError: 0.002095946313116215
percentOfTop: 0.8830188679245283
euclideanDistance: 0.04874975067612507
inversionPercent: 1.4543050879716433