averageError: 2.516609541757275E-10
maxError: 4.069380883074238E-7
percentOfTop: 0.9509433962264151
euclideanDistance: 0.055854348288900846
inversionPercent: 1.4655506430561374