averageError: 2.4132142267760114E-10
maxError: 3.847458220164196E-7
percentOfTop: 0.9660377358490566
euclideanDistance: 0.06231613621814107
inversionPercent: 0.47984278480006715