averageError: 3.872176450463313E-27
maxError: 1.3234889800848443E-23
percentOfTop: 1.0
euclideanDistance: 1.38809140660539E-16
inversionPercent: 1.135172956029995E-6