averageError: 2.9918435911040843E-10
maxError: 7.909361464671141E-8
percentOfTop: 0.9848484848484849
euclideanDistance: 0.025951925185171247
inversionPercent: 0.10490408184490109