averageError: 3.307053900742115E-10
maxError: 9.066828996086429E-8
percentOfTop: 0.9848484848484849
euclideanDistance: 0.02995644830318574
inversionPercent: 0.10805143572332741