averageError: 3.323232000908007E-5
maxError: 0.03568233438134967
percentOfTop: 0.909433962264151
euclideanDistance: 0.47674814177919794
inversionPercent: 11.26439830894359