averageError: 4.0114999364665E-9
maxError: 9.54359538402649E-7
percentOfTop: 0.9848484848484849
euclideanDistance: 0.013066434347505823
inversionPercent: 0.25527817030989075