averageError: 0.0019559832110652028
maxError: 0.33482728225998537
percentOfTop: 0.5828605553896685
euclideanDistance: 0.35512407091245124
inversionPercent: 4.0598495512086386