averageError: 3.936047394904574E-9
maxError: 7.03883430416096E-7
percentOfTop: 0.9848484848484849
euclideanDistance: 0.011469924277088367
inversionPercent: 0.27399104050176964