averageError: 6.70655897037023E-5
maxError: 0.03910435075106358
percentOfTop: 0.6834625322997416
euclideanDistance: 0.36619720775893017
inversionPercent: 3.3805896621899536