averageError: 7.379375249778109E-13
maxError: 7.407337211201939E-9
percentOfTop: 0.8452830188679246
euclideanDistance: 0.03747048610063352
inversionPercent: 0.22147494400585305