averageError: 8.498998585994507E-5
maxError: 0.0592374840568029
percentOfTop: 0.7338501291989664
euclideanDistance: 0.6407241718889574
inversionPercent: 4.7336313364490215