averageError: 1.5412771774525188E-9
maxError: 3.8003935251579058E-6
percentOfTop: 0.9962264150943396
euclideanDistance: 0.005213638084638661
inversionPercent: 0.06135119439080501