averageError: 6.447795387807928E-5
maxError: 0.020724262807080236
percentOfTop: 0.425531914893617
euclideanDistance: 1.036954833994957
inversionPercent: 3.863629833811928