averageError: 0.002842234572414093
maxError: 2.2968798181951624
percentOfTop: 0.5252314123618991
euclideanDistance: 0.724379106667053
inversionPercent: 4.688553576800792