averageError: 3.57027080831204E-14
maxError: 1.2840789217700217E-10
percentOfTop: 0.9962264150943396
euclideanDistance: 0.0012485136829124893
inversionPercent: 0.013588545513288182