averageError: 4.96189737219021E-5
maxError: 0.01172988216451502
percentOfTop: 0.48404255319148937
euclideanDistance: 0.8368370414854932
inversionPercent: 3.047007977530114