averageError: 3.022788782363541E-10
maxError: 7.330627698963497E-8
percentOfTop: 0.9848484848484849
euclideanDistance: 0.026339737903698247
inversionPercent: 0.10436255183934832