averageError: 1.9844729147523133E-5
maxError: 0.0015640592684221851
percentOfTop: 0.8351063829787234
euclideanDistance: 0.21865982588794386
inversionPercent: 2.1486599118653986