averageError: 1.7606746751069198E-12
maxError: 5.787337657076447E-9
percentOfTop: 1.0
euclideanDistance: 0.056911057994192014
inversionPercent: 0.0