averageError: 5.579517330468733E-9
maxError: 7.556062525491969E-6
percentOfTop: 0.9924528301886792
euclideanDistance: 0.011005117882066257
inversionPercent: 0.15538298198820757