averageError: 2.921847682163114E-10
maxError: 6.366071422784098E-8
percentOfTop: 1.0
euclideanDistance: 0.02359154241689326
inversionPercent: 0.10586680185477267