averageError: 2.1085336859173283E-10
maxError: 4.340503242807332E-8
percentOfTop: 1.0
euclideanDistance: 0.017931427355761878
inversionPercent: 0.06575192528959474