averageError: 2.0938613969581039E-10
maxError: 4.340503242807332E-8
percentOfTop: 0.9848484848484849
euclideanDistance: 0.017922648564190787
inversionPercent: 0.0657195260584933