averageError: 0.0016489620808712519
maxError: 0.22183947871317633
percentOfTop: 0.6724395341893102
euclideanDistance: 0.26606858771989866
inversionPercent: 4.2683703445772725