averageError: 2.8801259079790866E-5
maxError: 0.0012661942832473006
percentOfTop: 0.9090909090909091
euclideanDistance: 0.108986971113345
inversionPercent: 6.212853413705643