averageError: 3.3621737077611376E-9
maxError: 2.5163434205302497E-6
percentOfTop: 0.9840425531914894
euclideanDistance: 0.08007660629586853
inversionPercent: 0.38822404268395616