averageError: 6.035906404472697E-5
maxError: 0.011411123128511308
percentOfTop: 0.5736434108527132
euclideanDistance: 0.26437791202167155
inversionPercent: 3.001624846287711