averageError: 5.928352135631361E-12
maxError: 3.5671164270645504E-8
percentOfTop: 0.9886792452830189
euclideanDistance: 0.23950208996914335
inversionPercent: 0.0053288693530303185