averageError: 0.0019353318910344344
maxError: 0.3034327137124242
percentOfTop: 0.5909226634816364
euclideanDistance: 0.3582736557092805
inversionPercent: 4.056078165442438