averageError: 3.1443915167537506E-5
maxError: 0.0022607521272874085
percentOfTop: 0.5797872340425532
euclideanDistance: 0.39882710798158594
inversionPercent: 2.4452164680040207