averageError: 7.079335554552981E-5
maxError: 0.020911754267823122
percentOfTop: 0.6330749354005168
euclideanDistance: 0.40177300029500285
inversionPercent: 3.4464501870588107