averageError: 1.9642859255600732E-5
maxError: 0.0011238725816392243
percentOfTop: 0.8297872340425532
euclideanDistance: 0.21400977316890682
inversionPercent: 2.1145922362819825