averageError: 9.711684930657842E-10
maxError: 1.887400665636297E-6
percentOfTop: 0.9962264150943396
euclideanDistance: 0.010792545259469802
inversionPercent: 0.11104821570977794