averageError: 0.0013641685765957356
maxError: 0.3694263674326601
percentOfTop: 0.8056136160047775
euclideanDistance: 0.19275862154462145
inversionPercent: 4.51866156263437