averageError: 2.92967452727684E-5
maxError: 0.00128080028742908
percentOfTop: 0.8939393939393939
euclideanDistance: 0.11599837621396214
inversionPercent: 6.368823312228011