averageError: 8.634394144409212E-9
maxError: 1.3326613088731585E-5
percentOfTop: 0.9622641509433962
euclideanDistance: 0.04032272350858734
inversionPercent: 4.856288668633711