averageError: 3.997874746316526E-9
maxError: 1.0598544362659329E-6
percentOfTop: 0.9848484848484849
euclideanDistance: 0.014059943853438651
inversionPercent: 0.2576942272577416