averageError: 1.6023772304734044E-8
maxError: 7.365351724905958E-6
percentOfTop: 0.9848484848484849
euclideanDistance: 0.025804610230722093
inversionPercent: 0.37850633157345337