averageError: 0.0035621016461624623
maxError: 7.19202511394932
percentOfTop: 0.5383696625858465
euclideanDistance: 0.9883192604415405
inversionPercent: 6.745937805137876