averageError: 5.082937973781629E-5
maxError: 0.015579241918169118
percentOfTop: 0.7571059431524548
euclideanDistance: 0.19632283959475177
inversionPercent: 2.7305397592093796