averageError: 5.528508648131186E-11
maxError: 3.752606481271907E-7
percentOfTop: 0.9924528301886792
euclideanDistance: 0.02710681857229814
inversionPercent: 0.024250279087940113