averageError: 2.5638573274440452E-5
maxError: 0.001521898211190133
percentOfTop: 0.7659574468085106
euclideanDistance: 0.3011036072924222
inversionPercent: 2.356893768573629