averageError: 9.170799450528158E-9
maxError: 1.081216822319166E-5
percentOfTop: 0.939622641509434
euclideanDistance: 0.04076177477189204
inversionPercent: 4.683351663359843