averageError: 2.2189687876679575E-8
maxError: 1.5185974012168596E-5
percentOfTop: 0.9696969696969697
euclideanDistance: 0.04722395722095444
inversionPercent: 0.4378848652592348