averageError: 2.0204999521619817E-10
maxError: 4.340503242807332E-8
percentOfTop: 0.9848484848484849
euclideanDistance: 0.01750690811212719
inversionPercent: 0.06314610141672118