averageError: 9.4017238939398E-5
maxError: 0.10413659589865368
percentOfTop: 0.7532299741602068
euclideanDistance: 0.8001388773985884
inversionPercent: 5.783691917695593