averageError: 5.907779452337874E-11
maxError: 3.752606481271907E-7
percentOfTop: 0.9886792452830189
euclideanDistance: 0.03136785116740767
inversionPercent: 0.017813404396338616