averageError: 4.671843465758619E-9
maxError: 5.0592665914263486E-6
percentOfTop: 0.9946808510638298
euclideanDistance: 0.03487047203988552
inversionPercent: 0.43185498283544704