averageError: 1.1930617709280571E-8
maxError: 1.800873875334308E-6
percentOfTop: 0.9848484848484849
euclideanDistance: 0.00662072544895162
inversionPercent: 0.2965131345788616