averageError: 4.5148090109892204E-14
maxError: 3.56711642706455E-10
percentOfTop: 0.9660377358490566
euclideanDistance: 0.002520248104296623
inversionPercent: 0.025968928625466303