averageError: 2.0433647086534603E-5
maxError: 0.0010905494130534852
percentOfTop: 0.9242424242424242
euclideanDistance: 0.07758528477918017
inversionPercent: 4.753855867206845