averageError: 2.522866197589136E-5
maxError: 0.0013012923343945037
percentOfTop: 0.7606382978723404
euclideanDistance: 0.28524929376814634
inversionPercent: 2.2989664602138964