averageError: 3.7374985473394415E-5
maxError: 0.002088457164609878
percentOfTop: 0.8181818181818182
euclideanDistance: 0.16307419643524432
inversionPercent: 7.407750942111785