averageError: 4.7273050335848336E-27
maxError: 1.3234889800848443E-23
percentOfTop: 1.0
euclideanDistance: 1.285405811572085E-16
inversionPercent: 1.135172956029995E-6