averageError: 1.1234366721625543E-8
maxError: 1.8850433542592422E-6
percentOfTop: 0.9848484848484849
euclideanDistance: 0.006923840379343264
inversionPercent: 0.2776104974619599