averageError: 2.0439756144967406E-10
maxError: 4.340503242807332E-8
percentOfTop: 0.9848484848484849
euclideanDistance: 0.01728985679165057
inversionPercent: 0.06509468374439395