averageError: 2.9171483018571216E-10
maxError: 5.594426401840562E-8
percentOfTop: 0.9848484848484849
euclideanDistance: 0.02399261758827866
inversionPercent: 0.10458008953388662