averageError: 0.0019608693983588932
maxError: 0.5161999224316851
percentOfTop: 0.5936100328456255
euclideanDistance: 0.36435515174563576
inversionPercent: 4.095298012953791