averageError: 2.9869883973030315E-10
maxError: 6.173160167548206E-8
percentOfTop: 0.9848484848484849
euclideanDistance: 0.024038304225540146
inversionPercent: 0.10575109031512464