averageError: 0.0034618145351597448
maxError: 4.842374204956735
percentOfTop: 0.5004478948939982
euclideanDistance: 1.1423734953609372
inversionPercent: 6.5567658194600416