averageError: 2.143155855046274E-11
maxError: 1.0216945048046633E-7
percentOfTop: 0.9946808510638298
euclideanDistance: 0.019473849238929773
inversionPercent: 0.1357740641654016