averageError: 1.1886398051782925E-8
maxError: 2.004438204930895E-6
percentOfTop: 0.9848484848484849
euclideanDistance: 0.006942423274903859
inversionPercent: 0.29731385843322594