averageError: 2.024374103812326E-5
maxError: 0.0013276190632257705
percentOfTop: 0.9242424242424242
euclideanDistance: 0.07210149511731205
inversionPercent: 4.700151827425403