averageError: 1.1027212239436453E-9
maxError: 1.8862911666317335E-6
percentOfTop: 0.9924528301886792
euclideanDistance: 0.014910349415957124
inversionPercent: 0.05891204176806321