averageError: 0.0029476810405820644
maxError: 1.6682954998329151
percentOfTop: 0.5258286055538967
euclideanDistance: 0.8324418810268346
inversionPercent: 4.642231162216947