averageError: 0.0032619820996827196
maxError: 4.767664484937654
percentOfTop: 0.5410570319498358
euclideanDistance: 0.9706828846965031
inversionPercent: 5.29336983220621