averageError: 2.8170041171012488E-8
maxError: 2.4336712770673882E-5
percentOfTop: 0.969811320754717
euclideanDistance: 0.026048896314470372
inversionPercent: 1.163334553908362