averageError: 3.2690422807254286E-27
maxError: 1.3234889800848443E-23
percentOfTop: 1.0
euclideanDistance: 1.300260956051038E-16
inversionPercent: 1.135172956029995E-6