averageError: 5.551291721554649E-5
maxError: 0.011955409330512494
percentOfTop: 0.425531914893617
euclideanDistance: 0.8614155016970096
inversionPercent: 3.2311909248189368