averageError: 9.984517047701935E-5
maxError: 0.012883511902344828
percentOfTop: 0.45454545454545453
euclideanDistance: 0.7192591536790641
inversionPercent: 12.933277810308148