averageError: 1.2081123869492942E-9
maxError: 1.898354072145631E-6
percentOfTop: 0.9924528301886792
euclideanDistance: 0.015690903307811418
inversionPercent: 0.0604435031773116