averageError: 1.7031031871092456E-10
maxError: 4.163974371027839E-7
percentOfTop: 0.9660377358490566
euclideanDistance: 0.04660870818861718
inversionPercent: 1.3943615140637566