averageError: 6.661019784603425E-5
maxError: 0.006800178766821523
percentOfTop: 0.5757575757575758
euclideanDistance: 0.3531843119746245
inversionPercent: 10.33591476521365