averageError: 1.1522744113593017E-8
maxError: 1.565828367098673E-6
percentOfTop: 0.9848484848484849
euclideanDistance: 0.007770314177136132
inversionPercent: 0.28906131142552866