averageError: 3.349296022230327E-5
maxError: 0.003016249038867269
percentOfTop: 0.6276595744680851
euclideanDistance: 0.4362222743193412
inversionPercent: 2.4585751833505816