averageError: 2.5176038488399558E-5
maxError: 0.014254293766514008
percentOfTop: 0.8113207547169812
euclideanDistance: 0.2543007923760425
inversionPercent: 6.331320276248016