averageError: 5.084674212127972E-11
maxError: 3.7526064812718963E-7
percentOfTop: 0.9924528301886792
euclideanDistance: 0.024536088598923554
inversionPercent: 0.01317992752595006