averageError: 1.1255421612367933E-8
maxError: 1.8956534732972243E-6
percentOfTop: 0.9848484848484849
euclideanDistance: 0.007036644998196549
inversionPercent: 0.2766755482216039