averageError: 2.5635735678346025E-8
maxError: 2.4757488057657474E-5
percentOfTop: 0.9849056603773585
euclideanDistance: 0.02385804946214519
inversionPercent: 1.0279952543814612