averageError: 3.508809382791394E-9
maxError: 4.1595499711398086E-6
percentOfTop: 0.9962264150943396
euclideanDistance: 0.007869030889233197
inversionPercent: 0.0533337784758335