averageError: 1.0518869549937831E-4
maxError: 0.14165216644714645
percentOfTop: 0.7260981912144703
euclideanDistance: 0.9950630105749674
inversionPercent: 6.456390960246278