averageError: 1.0455618186343232E-12
maxError: 6.878330654682248E-9
percentOfTop: 1.0
euclideanDistance: 0.05850459834356746
inversionPercent: 1.4267387826051722E-5