averageError: 3.4044090600029994E-11
maxError: 1.6262088686237054E-7
percentOfTop: 0.9893617021276596
euclideanDistance: 0.03424395375277939
inversionPercent: 0.03821957067009589