averageError: 0.0025204262098619313
maxError: 2.2786317305358623
percentOfTop: 0.5458345774858167
euclideanDistance: 0.6050689480947464
inversionPercent: 4.186887588877956