averageError: 5.9042038127987165E-5
maxError: 0.011016297651929588
percentOfTop: 0.5943152454780362
euclideanDistance: 0.2667589123127518
inversionPercent: 3.000074973779229