averageError: 2.9141064352421436E-10
maxError: 6.366071422784098E-8
percentOfTop: 1.0
euclideanDistance: 0.023527845626451688
inversionPercent: 0.10428386799238766