averageError: 3.942600289098238E-9
maxError: 7.032021410621302E-7
percentOfTop: 0.9848484848484849
euclideanDistance: 0.01160087195492376
inversionPercent: 0.27159349740026256