averageError: 2.9327634222007645E-9
maxError: 1.011830699181825E-5
percentOfTop: 0.9893617021276596
euclideanDistance: 0.04120082661909544
inversionPercent: 0.13014133595758076