averageError: 5.525248798356029E-5
maxError: 0.011424053500600561
percentOfTop: 0.4308510638297872
euclideanDistance: 0.8942023775984574
inversionPercent: 3.162749644540454