averageError: 9.700617403680397E-5
maxError: 0.13434302470118165
percentOfTop: 0.7131782945736435
euclideanDistance: 0.8856093528468488
inversionPercent: 5.63026677097003