averageError: 1.4666760228383322E-5
maxError: 9.386640023308565E-4
percentOfTop: 0.8829787234042553
euclideanDistance: 0.15052723663553244
inversionPercent: 1.8946240967272703