averageError: 6.330044012341009E-10
maxError: 3.7754360264051184E-6
percentOfTop: 0.9962264150943396
euclideanDistance: 0.0033301357733466546
inversionPercent: 0.014596108441563954