averageError: 2.927624254423473E-12
maxError: 2.6186609744701526E-8
percentOfTop: 0.9962264150943396
euclideanDistance: 0.0018646462833801372
inversionPercent: 0.0011336866366580699