averageError: 2.967728413440444E-10
maxError: 6.366071422784098E-8
percentOfTop: 1.0
euclideanDistance: 0.02373050173156212
inversionPercent: 0.10520493184798596