averageError: 7.840911893575561E-5
maxError: 0.031140555247594084
percentOfTop: 0.7028423772609819
euclideanDistance: 0.5069466080946201
inversionPercent: 3.97620082802547