averageError: 7.732359492809583E-5
maxError: 0.009829055593703864
percentOfTop: 0.6060606060606061
euclideanDistance: 0.48533303182414245
inversionPercent: 11.244426232990925