averageError: 7.3977839526642E-9
maxError: 6.865561194420764E-6
percentOfTop: 0.9773584905660377
euclideanDistance: 0.03344313937560123
inversionPercent: 3.6641325645779426