averageError: 5.2930027405392695E-11
maxError: 3.7366483324127075E-7
percentOfTop: 0.9924528301886792
euclideanDistance: 0.025807514784581927
inversionPercent: 0.07873914528217077