averageError: 4.325500898773879E-5
maxError: 0.005751845589849817
percentOfTop: 0.8552971576227391
euclideanDistance: 0.13743873463726547
inversionPercent: 2.5172192386366934