averageError: 1.2253730506712634E-8
maxError: 5.056562721236073E-6
percentOfTop: 0.9946808510638298
euclideanDistance: 0.055697416903750255
inversionPercent: 0.5003019389787097