averageError: 1.1954624864932538E-8
maxError: 1.8592244561874388E-6
percentOfTop: 0.9848484848484849
euclideanDistance: 0.0066868620143206384
inversionPercent: 0.2966242176569237