averageError: 0.001343946562367508
maxError: 0.18342412693115406
percentOfTop: 0.809495371752762
euclideanDistance: 0.18598780462889394
inversionPercent: 4.437432926836961