averageError: 1.3052614783612672E-9
maxError: 3.77543602640512E-6
percentOfTop: 0.9962264150943396
euclideanDistance: 0.004664393648626534
inversionPercent: 0.05101161843326533