averageError: 0.002961302253204696
maxError: 1.9811766720351573
percentOfTop: 0.5171693042699314
euclideanDistance: 0.7991195676939193
inversionPercent: 4.637696965494742