averageError: 1.1112587427660879E-8
maxError: 2.0740039815202535E-6
percentOfTop: 0.9848484848484849
euclideanDistance: 0.007215358941795765
inversionPercent: 0.2709917973940928