averageError: 2.762083420820507E-5
maxError: 9.492620185488423E-4
percentOfTop: 0.9090909090909091
euclideanDistance: 0.10010908327330535
inversionPercent: 5.986530899077274