averageError: 7.53324249388591E-5
maxError: 0.042505957527137025
percentOfTop: 0.689922480620155
euclideanDistance: 0.5062637885022767
inversionPercent: 3.9767958993961368