averageError: 6.701248680377931E-5
maxError: 0.028407430301088978
percentOfTop: 0.665374677002584
euclideanDistance: 0.3849277484446207
inversionPercent: 3.432404417321126