averageError: 1.1849720663115034E-8
maxError: 2.7696735180113687E-6
percentOfTop: 0.9848484848484849
euclideanDistance: 0.010610929661735167
inversionPercent: 0.28799676526076684