averageError: 1.2145392016606343E-9
maxError: 3.778587920965046E-6
percentOfTop: 0.9962264150943396
euclideanDistance: 0.004693289155795541
inversionPercent: 0.028209479209669465