averageError: 6.321280921239001E-5
maxError: 0.003314545185313088
percentOfTop: 0.6212121212121212
euclideanDistance: 0.291897876528193
inversionPercent: 10.178190679750216