averageError: 3.6525804368372E-5
maxError: 0.003302243464650554
percentOfTop: 0.803030303030303
euclideanDistance: 0.15776827507027663
inversionPercent: 7.610991318811164