averageError: 1.1930408187135898E-8
maxError: 1.7836178907437445E-6
percentOfTop: 0.9848484848484849
euclideanDistance: 0.0065474348544032725
inversionPercent: 0.2974758545887332