averageError: 1.9464055378551155E-13
maxError: 3.6204697010427897E-9
percentOfTop: 0.9547169811320755
euclideanDistance: 0.01717376868498236
inversionPercent: 0.02906295434942388