averageError: 2.896124966664653E-5
maxError: 0.01768543433866724
percentOfTop: 0.8490566037735849
euclideanDistance: 0.33714172471446546
inversionPercent: 8.428667091406803