averageError: 1.0959090594218938E-4
maxError: 0.019896970612701886
percentOfTop: 0.36363636363636365
euclideanDistance: 0.5553355624815995
inversionPercent: 14.869229066312942