averageError: 1.9471572924701862E-5
maxError: 9.031790250821851E-4
percentOfTop: 0.8457446808510638
euclideanDistance: 0.20984687888300516
inversionPercent: 2.1054830408963197