averageError: 6.24208203564652E-5
maxError: 0.019045574983367237
percentOfTop: 0.4148936170212766
euclideanDistance: 1.0819954019110287
inversionPercent: 4.053629974913926