averageError: 9.333850372981697E-5
maxError: 0.009909032466100014
percentOfTop: 0.4090909090909091
euclideanDistance: 0.5656671398932963
inversionPercent: 13.019580105039234