averageError: 3.892549544980467E-9
maxError: 5.626723915834338E-7
percentOfTop: 0.9848484848484849
euclideanDistance: 0.010410996613155641
inversionPercent: 0.27574522744283375