averageError: 5.698501039491979E-12
maxError: 3.5671164270645504E-8
percentOfTop: 0.969811320754717
euclideanDistance: 0.2158341891816721
inversionPercent: 0.019675298507638366