averageError: 1.448085619267221E-5
maxError: 0.006084282556050535
percentOfTop: 0.7132075471698113
euclideanDistance: 0.0934863233333007
inversionPercent: 2.481900855493975