averageError: 2.033840409904928E-5
maxError: 0.013657292759838947
percentOfTop: 0.7433962264150943
euclideanDistance: 0.19464533437362946
inversionPercent: 4.788695777416765