averageError: 5.92829167027338E-5
maxError: 0.012125242108871184
percentOfTop: 0.58656330749354
euclideanDistance: 0.257745987879162
inversionPercent: 2.9744345695734413