averageError: 2.838573751673918E-9
maxError: 2.548940118405716E-6
percentOfTop: 0.9893617021276596
euclideanDistance: 0.07314219062656224
inversionPercent: 0.30216658088732223