averageError: 0.0030872969471005514
maxError: 2.4207351547759424
percentOfTop: 0.5407584353538369
euclideanDistance: 0.9522469990337985
inversionPercent: 5.162989462176202