averageError: 2.5396152994634254E-5
maxError: 0.001833281192995249
percentOfTop: 0.776595744680851
euclideanDistance: 0.29255771718427515
inversionPercent: 2.303156383594603