averageError: 2.5485746277262933E-9
maxError: 3.780683555654094E-6
percentOfTop: 0.9924528301886792
euclideanDistance: 0.006012345986556289
inversionPercent: 0.12093094990912744