averageError: 1.5076337236684178E-5
maxError: 8.043705738580119E-4
percentOfTop: 0.8670212765957447
euclideanDistance: 0.1548620028578212
inversionPercent: 1.864151513895601