averageError: 3.913890756887153E-9
maxError: 8.164004321582472E-7
percentOfTop: 0.9848484848484849
euclideanDistance: 0.011648950383205802
inversionPercent: 0.2549264072293608