averageError: 4.5529202198818335E-5
maxError: 0.006662679431083198
percentOfTop: 0.5212765957446809
euclideanDistance: 0.6731265986866884
inversionPercent: 2.702953514565285