averageError: 0.0022987763918415048
maxError: 1.0689522094124655
percentOfTop: 0.5509107196177964
euclideanDistance: 0.5068404926101073
inversionPercent: 4.033569275213351