averageError: 4.027893580557067E-5
maxError: 0.0045874949731314245
percentOfTop: 0.4946808510638298
euclideanDistance: 0.5542041071099646
inversionPercent: 2.5972995620287054