averageError: 0.001628923367939886
maxError: 0.29372738676743315
percentOfTop: 0.6619886533293521
euclideanDistance: 0.26589406712023783
inversionPercent: 4.199598403255001