averageError: 4.3500404473033476E-5
maxError: 0.012397268929355344
percentOfTop: 0.5372340425531915
euclideanDistance: 0.6475895750516932
inversionPercent: 2.863861443150147