averageError: 0.002567471069876528
maxError: 1.1229729244521196
percentOfTop: 0.5389668557778441
euclideanDistance: 0.6767775654400149
inversionPercent: 4.2799252376587456