averageError: 1.47758466733834E-5
maxError: 0.0012828132731474724
percentOfTop: 0.9042553191489362
euclideanDistance: 0.15901547378927425
inversionPercent: 1.8925643253985538