averageError: 9.619188012626033E-5
maxError: 0.010032301369234704
percentOfTop: 0.45454545454545453
euclideanDistance: 0.5154138724926998
inversionPercent: 13.04449048529466