averageError: 9.395375617686765E-5
maxError: 0.07840316897387352
percentOfTop: 0.7183462532299741
euclideanDistance: 0.8064155777143079
inversionPercent: 5.587286482971527