averageError: 1.1891201205294495E-8
maxError: 2.139897211635256E-6
percentOfTop: 0.9848484848484849
euclideanDistance: 0.007279462814717316
inversionPercent: 0.29499962764026544