averageError: 4.446620687570394E-5
maxError: 0.008281602695987184
percentOfTop: 0.8540051679586563
euclideanDistance: 0.14044547110690841
inversionPercent: 2.5686858606403673