averageError: 1.4089621443986069E-5
maxError: 0.005201867031434146
percentOfTop: 0.7433962264150943
euclideanDistance: 0.09058673676977887
inversionPercent: 2.61584052427514