averageError: 0.0022662656487855842
maxError: 0.802223973273922
percentOfTop: 0.553000895789788
euclideanDistance: 0.4864973685727162
inversionPercent: 3.996934114406356