averageError: 7.151459454967841E-9
maxError: 1.0140222357077644E-5
percentOfTop: 0.9840425531914894
euclideanDistance: 0.05416558865614306
inversionPercent: 0.4274448359012705