averageError: 1.1884987504703691E-8
maxError: 2.4411652868520348E-6
percentOfTop: 0.9848484848484849
euclideanDistance: 0.009850612177429037
inversionPercent: 0.2905146483635079