averageError: 1.124661354962875E-8
maxError: 1.8161091920206165E-6
percentOfTop: 0.9848484848484849
euclideanDistance: 0.006808959119691241
inversionPercent: 0.2741946928115502