averageError: 2.049844530080431E-10
maxError: 4.340503242807332E-8
percentOfTop: 0.9848484848484849
euclideanDistance: 0.017651311180383857
inversionPercent: 0.06449298373822421