averageError: 1.1059758167389328E-5
maxError: 0.004173435155722313
percentOfTop: 0.8490566037735849
euclideanDistance: 0.061978939330029265
inversionPercent: 1.7650787563374846