averageError: 3.822478371976674E-9
maxError: 3.1377302886204773E-7
percentOfTop: 0.9848484848484849
euclideanDistance: 0.00874096294298031
inversionPercent: 0.2745047997378069