averageError: 5.031984877844748E-5
maxError: 0.009912664644256969
percentOfTop: 0.7713178294573644
euclideanDistance: 0.18958011518634502
inversionPercent: 2.710565967748669