averageError: 3.145397293602838E-5
maxError: 0.0022828627071758826
percentOfTop: 0.6117021276595744
euclideanDistance: 0.393446585058307
inversionPercent: 2.3875048425059338