averageError: 2.746500669538429E-5
maxError: 0.016203469075291306
percentOfTop: 0.8566037735849057
euclideanDistance: 0.3257366799075656
inversionPercent: 7.795321480986245