averageError: 1.4821425300615554E-9
maxError: 2.064388436720993E-6
percentOfTop: 0.9924528301886792
euclideanDistance: 0.01671753951715858
inversionPercent: 0.10568567532147813