averageError: 2.947781722398133E-8
maxError: 2.9462395943408225E-5
percentOfTop: 0.9773584905660377
euclideanDistance: 0.026146441154039687
inversionPercent: 5.474819308883453