averageError: 1.1484620385887552E-8
maxError: 1.6442127605591027E-6
percentOfTop: 0.9848484848484849
euclideanDistance: 0.0067255259234046474
inversionPercent: 0.2933426383925057