averageError: 3.760670185985551E-5
maxError: 0.003377597821194957
percentOfTop: 0.526595744680851
euclideanDistance: 0.5023883198117012
inversionPercent: 2.5609791357140477