averageError: 1.191198816630154E-8
maxError: 2.785316867072316E-6
percentOfTop: 0.9848484848484849
euclideanDistance: 0.010708325162783935
inversionPercent: 0.2877468283351271