averageError: 8.396615298764436E-5
maxError: 0.06267452219677372
percentOfTop: 0.7183462532299741
euclideanDistance: 0.6695319403412504
inversionPercent: 4.824822030348225