averageError: 4.874479210651941E-5
maxError: 0.008135478399296455
percentOfTop: 0.696969696969697
euclideanDistance: 0.20526116667690744
inversionPercent: 9.032794548005501