averageError: 2.9699685421103323E-10
maxError: 6.751893933255853E-8
percentOfTop: 0.9848484848484849
euclideanDistance: 0.024753947761894404
inversionPercent: 0.10453843337961333