averageError: 2.0439756144967406E-10
maxError: 4.340503242807332E-8
percentOfTop: 1.0
euclideanDistance: 0.017442283526406973
inversionPercent: 0.06623791375611646