averageError: 1.1692712419138744E-8
maxError: 2.213100500294895E-6
percentOfTop: 0.9848484848484849
euclideanDistance: 0.009180672009737828
inversionPercent: 0.2890011414249117