averageError: 0.0022473156065888674
maxError: 1.4093348951948474
percentOfTop: 0.5509107196177964
euclideanDistance: 0.49985278822499407
inversionPercent: 4.033459464438198