averageError: 1.8001866949092762E-5
maxError: 0.010204168610409334
percentOfTop: 0.6415094339622641
euclideanDistance: 0.14564868017679333
inversionPercent: 3.241187837080413