averageError: 2.3967681181198297E-9
maxError: 1.9362307104186206E-6
percentOfTop: 0.9849056603773585
euclideanDistance: 0.020397861717173244
inversionPercent: 0.19518956471840493