averageError: 0.0013574163449237165
maxError: 0.20308602973295087
percentOfTop: 0.8112869513287548
euclideanDistance: 0.19021088189278829
inversionPercent: 4.492589937278382