averageError: 4.931545882281191E-5
maxError: 0.005955166982341133
percentOfTop: 0.6515151515151515
euclideanDistance: 0.19351369202074414
inversionPercent: 8.963469450371575