averageError: 3.1295780634777846E-5
maxError: 0.021778518844845877
percentOfTop: 0.8830188679245283
euclideanDistance: 0.40074371586596963
inversionPercent: 8.626114327574802