averageError: 2.4691255267953893E-14
maxError: 1.3946620617094481E-10
percentOfTop: 0.9924528301886792
euclideanDistance: 0.0010426355943223197
inversionPercent: 4.993585739118103E-5