averageError: 2.1031998507793364E-5
maxError: 0.0022728823978063473
percentOfTop: 0.9090909090909091
euclideanDistance: 0.08758023762894421
inversionPercent: 4.745103446347868