averageError: 0.003225371205869546
maxError: 2.7013210668654715
percentOfTop: 0.5371752762018513
euclideanDistance: 0.9939481564326849
inversionPercent: 5.409514470468356