averageError: 3.963790533153342E-9
maxError: 8.264449480888362E-7
percentOfTop: 0.9848484848484849
euclideanDistance: 0.011910085108118364
inversionPercent: 0.2615589926819857