averageError: 6.246052919899423E-5
maxError: 0.004901288776821341
percentOfTop: 0.6212121212121212
euclideanDistance: 0.30733082970461933
inversionPercent: 10.265372382182626