averageError: 4.31033892584811E-5
maxError: 0.016549664726973806
percentOfTop: 0.8372093023255814
euclideanDistance: 0.13961698730935726
inversionPercent: 2.5305329830288157