averageError: 1.7290971522334024E-9
maxError: 1.8992569767189806E-6
percentOfTop: 0.9773584905660377
euclideanDistance: 0.017906277019889453
inversionPercent: 0.11796732810989997