averageError: 3.9844033152442925E-9
maxError: 1.117341990326225E-6
percentOfTop: 0.9848484848484849
euclideanDistance: 0.01498289519866565
inversionPercent: 0.2477106356169098