averageError: 4.333065787116015E-10
maxError: 1.886291166631734E-6
percentOfTop: 0.9924528301886792
euclideanDistance: 0.008634513521891757
inversionPercent: 0.016618082644272003