averageError: 2.6798885797213686E-10
maxError: 1.8862911666317345E-6
percentOfTop: 1.0
euclideanDistance: 0.005224380391863501
inversionPercent: 0.00688230253953083