averageError: 0.0025812430996704264
maxError: 1.198003368235099
percentOfTop: 0.5356822932218572
euclideanDistance: 0.6566038645364396
inversionPercent: 4.243581101178898