averageError: 1.3772783776617394E-5
maxError: 0.005280937940711819
percentOfTop: 0.824468085106383
euclideanDistance: 0.27042743561112537
inversionPercent: 3.2286435967056053