averageError: 3.5540780686592705E-5
maxError: 0.006824082324828841
percentOfTop: 0.5957446808510638
euclideanDistance: 0.6628952316356792
inversionPercent: 2.9598976428167623