averageError: 7.596412804556318E-6
maxError: 0.0011973898846535098
percentOfTop: 0.898936170212766
euclideanDistance: 0.1153221322042588
inversionPercent: 2.0345784353032523