averageError: 1.65179667602795E-5
maxError: 0.005489927940597517
percentOfTop: 0.7872340425531915
euclideanDistance: 0.29603742730601673
inversionPercent: 3.7279789359122555