averageError: 1.1631398005649176E-5
maxError: 0.01722773394548746
percentOfTop: 0.9496124031007752
euclideanDistance: 0.09205646014208535
inversionPercent: 1.986302751058459