averageError: 1.2109352354287266E-5
maxError: 0.012097206664122936
percentOfTop: 0.9457364341085271
euclideanDistance: 0.08459655929668033
inversionPercent: 3.0465870568160347