averageError: 0.0015504579763307579
maxError: 0.9680402509419006
percentOfTop: 0.6733353239773067
euclideanDistance: 0.45222432433503357
inversionPercent: 4.327344416944865