averageError: 1.2410508770593473E-5
maxError: 0.011348800849990348
percentOfTop: 0.9444444444444444
euclideanDistance: 0.08531375189313085
inversionPercent: 4.781021021091674