averageError: 2.1680923268987043E-5
maxError: 0.002356953243756262
percentOfTop: 0.8484848484848485
euclideanDistance: 0.12302436446663689
inversionPercent: 5.159767319830538