averageError: 3.1145691335426E-5
maxError: 0.03425908795196469
percentOfTop: 0.8565891472868217
euclideanDistance: 0.2998976924054359
inversionPercent: 7.603942886890601