averageError: 2.551894983485726E-4
maxError: 0.256401166926878
percentOfTop: 0.9558077037921767
euclideanDistance: 0.06632516336497692
inversionPercent: 2.0951531617202743