averageError: 2.6298866114177755E-5
maxError: 0.002571972823298043
percentOfTop: 0.8484848484848485
euclideanDistance: 0.11182135828805977
inversionPercent: 5.634846502394233