averageError: 5.410932909314032E-6
maxError: 0.005754698939542308
percentOfTop: 0.9767441860465116
euclideanDistance: 0.03300411006289684
inversionPercent: 0.8676511543107958