averageError: 2.5587062749915196E-5
maxError: 0.0034974496979064957
percentOfTop: 0.9090909090909091
euclideanDistance: 0.14313622733724804
inversionPercent: 6.0511766220478345