averageError: 2.109021887078282E-5
maxError: 0.03317474298660758
percentOfTop: 0.900516795865633
euclideanDistance: 0.17575284196317215
inversionPercent: 6.768375991744957