averageError: 7.857757424035193E-6
maxError: 4.5986293268216946E-4
percentOfTop: 0.9308510638297872
euclideanDistance: 0.08874188048959673
inversionPercent: 1.0248449288469619