averageError: 0.001418050638071134
maxError: 3.1272879898873005
percentOfTop: 0.7396237682890415
euclideanDistance: 0.39025356512164316
inversionPercent: 9.074824745475967