averageError: 4.422365813100275E-6
maxError: 0.005934965688541879
percentOfTop: 0.9773584905660377
euclideanDistance: 0.06743225067061992
inversionPercent: 12.810105419588538