averageError: 5.9750072299503714E-5
maxError: 0.010022171838735248
percentOfTop: 0.6363636363636364
euclideanDistance: 0.2736641816180422
inversionPercent: 10.72387704380714