averageError: 6.210973659294629E-5
maxError: 0.058918802247638596
percentOfTop: 0.7790697674418605
euclideanDistance: 0.5664892929414735
inversionPercent: 5.008041317136038