averageError: 3.0502117967063534E-5
maxError: 0.004669004797378826
percentOfTop: 0.803030303030303
euclideanDistance: 0.17486149669551557
inversionPercent: 6.593030619911614