averageError: 2.8036205131272798E-5
maxError: 0.004892104155157012
percentOfTop: 0.8333333333333334
euclideanDistance: 0.167766610517383
inversionPercent: 6.501484278203681