averageError: 1.48705665785946E-6
maxError: 0.0011821509824673955
percentOfTop: 0.9849056603773585
euclideanDistance: 0.01947413560583359
inversionPercent: 1.4380479702393705