averageError: 1.308778255476567E-5
maxError: 0.010786728998283354
percentOfTop: 0.9457364341085271
euclideanDistance: 0.09639459771560885
inversionPercent: 2.0439166615077773