averageError: 5.6135651897024294E-5
maxError: 0.006357774719899952
percentOfTop: 0.6363636363636364
euclideanDistance: 0.2588079854087282
inversionPercent: 10.1343082354541