averageError: 1.7878513511360764E-5
maxError: 0.002843289728553632
percentOfTop: 0.7340425531914894
euclideanDistance: 0.275253301587731
inversionPercent: 5.501296180212249