averageError: 2.8610147683597223E-5
maxError: 0.022449668818944016
percentOfTop: 0.8656330749354005
euclideanDistance: 0.22840466432167592
inversionPercent: 6.222794333508903