averageError: 1.5902456692418933E-5
maxError: 0.0010837080190770404
percentOfTop: 0.8939393939393939
euclideanDistance: 0.08678448779812992
inversionPercent: 3.8092470275209713