averageError: 0.0013389273712657642
maxError: 1.796724214786051
percentOfTop: 0.7458942968050164
euclideanDistance: 0.42292385772232505
inversionPercent: 6.980600460166277