averageError: 1.2009037031340394E-5
maxError: 0.0011049817652174262
percentOfTop: 0.9393939393939394
euclideanDistance: 0.06157338329882532
inversionPercent: 2.9736569720298824