averageError: 1.9157772441764116E-5
maxError: 0.019456771753373375
percentOfTop: 0.9108527131782945
euclideanDistance: 0.13620218823580513
inversionPercent: 6.186857951377342