averageError: 4.075951328996993E-6
maxError: 0.006426730884464729
percentOfTop: 0.9886792452830189
euclideanDistance: 0.06295751148245243
inversionPercent: 9.098643364027478