averageError: 7.808740189093698E-6
maxError: 0.001908630227479318
percentOfTop: 0.8882978723404256
euclideanDistance: 0.13975067297165517
inversionPercent: 1.3284741800881288