averageError: 3.87732104218898E-5
maxError: 0.009610770625459461
percentOfTop: 0.4946808510638298
euclideanDistance: 0.7090154815248337
inversionPercent: 3.663619737583657