averageError: 7.669329508510169E-6
maxError: 0.0015346770861482898
percentOfTop: 0.9095744680851063
euclideanDistance: 0.12295151375260051
inversionPercent: 1.4642561904642226