averageError: 3.412379261656072E-5
maxError: 0.0019356040055750691
percentOfTop: 0.7878787878787878
euclideanDistance: 0.14359616568449413
inversionPercent: 8.143690219657993