averageError: 1.5708331726210442E-6
maxError: 0.0017876830030588847
percentOfTop: 0.9773584905660377
euclideanDistance: 0.02158456919418374
inversionPercent: 1.4211419717087685