averageError: 2.178974174391069E-5
maxError: 0.0031918794097742695
percentOfTop: 0.8333333333333334
euclideanDistance: 0.14295867866203255
inversionPercent: 4.959308648544296