averageError: 1.3772825940422041E-5
maxError: 0.001069817805163415
percentOfTop: 0.9090909090909091
euclideanDistance: 0.061292970483590344
inversionPercent: 2.932195213143202