averageError: 3.5102029112369996E-5
maxError: 0.0030739957938383314
percentOfTop: 0.8181818181818182
euclideanDistance: 0.14386599069048384
inversionPercent: 8.333244235447804