averageError: 1.6812779983318507E-5
maxError: 0.0036213220727753887
percentOfTop: 0.8138297872340425
euclideanDistance: 0.25916696099334907
inversionPercent: 3.0265884863970465