averageError: 2.685198979084673E-4
maxError: 0.5004395141011182
percentOfTop: 0.9513287548521947
euclideanDistance: 0.07761277044861845
inversionPercent: 2.2683357963919453