averageError: 1.9952145316566578E-5
maxError: 0.0061393301938221685
percentOfTop: 0.7606382978723404
euclideanDistance: 0.35704166090118516
inversionPercent: 3.9194025839011157