averageError: 5.0475349514241185E-6
maxError: 4.311032013930849E-4
percentOfTop: 0.9574468085106383
euclideanDistance: 0.06578942206664738
inversionPercent: 0.9291209017432545