averageError: 1.5487772896032635E-5
maxError: 0.022035896603102324
percentOfTop: 0.937984496124031
euclideanDistance: 0.14618014911413912
inversionPercent: 5.162237891046209