averageError: 6.1019712003339875E-6
maxError: 0.0025915084034048436
percentOfTop: 0.9207547169811321
euclideanDistance: 0.03979603392387738
inversionPercent: 1.5581808024735084