averageError: 6.368065252879222E-6
maxError: 0.010571646627163742
percentOfTop: 0.9622641509433962
euclideanDistance: 0.11848868819603715
inversionPercent: 8.921338540644543