averageError: 3.257269073422057E-5
maxError: 0.018094777662629652
percentOfTop: 0.8359173126614987
euclideanDistance: 0.1540410187823373
inversionPercent: 1.84735669404093