averageError: 5.957758773834885E-6
maxError: 0.018049838628642234
percentOfTop: 0.9811320754716981
euclideanDistance: 0.13313787287617013
inversionPercent: 11.152089426845503