averageError: 4.90903000483859E-6
maxError: 0.009728555599083973
percentOfTop: 0.9773584905660377
euclideanDistance: 0.10334932059506789
inversionPercent: 6.618442895814612