averageError: 1.2961791148716568E-5
maxError: 0.0024368260537140462
percentOfTop: 0.8670212765957447
euclideanDistance: 0.2133667844830975
inversionPercent: 2.7347604932067675