averageError: 2.347932886192006E-5
maxError: 0.04701234817238764
percentOfTop: 0.9043927648578811
euclideanDistance: 0.20907827336153526
inversionPercent: 5.139776937867665