averageError: 1.0907710654768358E-5
maxError: 0.0025071149279688697
percentOfTop: 0.8723404255319149
euclideanDistance: 0.17689816673126832
inversionPercent: 1.5353526402868591