averageError: 2.8359611517661494E-5
maxError: 0.004700247030771692
percentOfTop: 0.8333333333333334
euclideanDistance: 0.2031432201493533
inversionPercent: 6.577215166672522