averageError: 1.4494859046943428E-5
maxError: 8.546315906188748E-4
percentOfTop: 0.9090909090909091
euclideanDistance: 0.05918247449157154
inversionPercent: 3.265902665026525