averageError: 5.5163143145414455E-6
maxError: 0.008473893346914091
percentOfTop: 0.9547169811320755
euclideanDistance: 0.09114412782271536
inversionPercent: 12.958059372735722