averageError: 9.54334823897743E-6
maxError: 0.008282055261714272
percentOfTop: 0.9534883720930233
euclideanDistance: 0.06693988001518136
inversionPercent: 2.5845789717324457