averageError: 2.857983428514851E-5
maxError: 0.06766314945947602
percentOfTop: 0.8927648578811369
euclideanDistance: 0.27509574842927287
inversionPercent: 7.666875210118077