averageError: 3.48381472951879E-5
maxError: 0.0018237909039498755
percentOfTop: 0.8333333333333334
euclideanDistance: 0.15046735421602447
inversionPercent: 6.993906306329824