averageError: 1.9810325171427584E-6
maxError: 0.002313776642650922
percentOfTop: 0.9811320754716981
euclideanDistance: 0.03017281269957766
inversionPercent: 4.861479144324829