averageError: 5.315134857487095E-4
maxError: 0.17539764607625208
percentOfTop: 0.9122126007763511
euclideanDistance: 0.08243567522042962
inversionPercent: 2.660032793321495