averageError: 5.490455100401728E-6
maxError: 0.02237492552997071
percentOfTop: 0.9773584905660377
euclideanDistance: 0.12171000015139721
inversionPercent: 9.144468501638217