averageError: 4.193744218609154E-6
maxError: 9.581798331987634E-4
percentOfTop: 0.9468085106382979
euclideanDistance: 0.07206129937048646
inversionPercent: 0.7713920250217547