averageError: 4.268822772697472E-6
maxError: 0.006104717974432558
percentOfTop: 0.969811320754717
euclideanDistance: 0.061151366578441425
inversionPercent: 12.625500259202768