averageError: 1.1262507932868412E-5
maxError: 0.003507654684196404
percentOfTop: 0.851063829787234
euclideanDistance: 0.18706025550928568
inversionPercent: 2.398819111358685