averageError: 1.4741454705912996E-5
maxError: 0.001530119647103121
percentOfTop: 0.9545454545454546
euclideanDistance: 0.060690921227213195
inversionPercent: 3.41363853038754