averageError: 8.42339377886271E-5
maxError: 0.006997893329479272
percentOfTop: 0.4696969696969697
euclideanDistance: 0.3936680819637275
inversionPercent: 14.047075434805782