averageError: 1.9096405446563508E-5
maxError: 9.654398320969818E-4
percentOfTop: 0.9242424242424242
euclideanDistance: 0.06984250256869697
inversionPercent: 4.31084266651041