averageError: 4.187103970394857E-6
maxError: 6.96693864439588E-4
percentOfTop: 0.9574468085106383
euclideanDistance: 0.06139173798093973
inversionPercent: 1.1493944028231389