averageError: 0.0010395710108091
maxError: 0.3847547161171756
percentOfTop: 0.7685876381009257
euclideanDistance: 0.22464666079879014
inversionPercent: 3.3854374535114657