averageError: 1.0207728775155179E-5
maxError: 7.938729204104667E-4
percentOfTop: 0.8723404255319149
euclideanDistance: 0.13880390410081433
inversionPercent: 2.885041500163754