averageError: 2.826127732394552E-6
maxError: 2.4481895703603283E-4
percentOfTop: 0.9787234042553191
euclideanDistance: 0.039436441286131406
inversionPercent: 0.5251962819044474