averageError: 3.1360518653529007E-6
maxError: 5.156631414647804E-4
percentOfTop: 0.9574468085106383
euclideanDistance: 0.048428968646106345
inversionPercent: 0.6989498276597446