averageError: 2.8032620057207827E-6
maxError: 4.0728998756991855E-4
percentOfTop: 0.9680851063829787
euclideanDistance: 0.04073634920348601
inversionPercent: 0.6110692780957265