averageError: 1.1120740066197715E-5
maxError: 0.004613628033865114
percentOfTop: 0.8113207547169812
euclideanDistance: 0.09532918410994057
inversionPercent: 4.5721162595217875