averageError: 1.0381518816036305E-5
maxError: 0.002879948154353407
percentOfTop: 0.8617021276595744
euclideanDistance: 0.1693082794507051
inversionPercent: 1.7831115165646196