averageError: 4.3643023446127894E-5
maxError: 0.04762038654583112
percentOfTop: 0.8255813953488372
euclideanDistance: 0.3458460950772181
inversionPercent: 7.688430957009646