averageError: 3.5689269305099186E-5
maxError: 0.0031944935200119845
percentOfTop: 0.7878787878787878
euclideanDistance: 0.150109718390288
inversionPercent: 8.655570300291348