averageError: 4.366329519668503E-6
maxError: 7.650774275976629E-4
percentOfTop: 0.9468085106382979
euclideanDistance: 0.06798273868778046
inversionPercent: 0.7737844020265879