averageError: 1.4500651566801923E-5
maxError: 0.005539863798839838
percentOfTop: 0.8351063829787234
euclideanDistance: 0.26244758324916057
inversionPercent: 1.9391802028379255