averageError: 1.046303112930828E-6
maxError: 0.0010015912747939476
percentOfTop: 0.9924528301886792
euclideanDistance: 0.011925690722130665
inversionPercent: 1.113055423166086