averageError: 1.405869045989829E-6
maxError: 0.0015235844406131932
percentOfTop: 0.9924528301886792
euclideanDistance: 0.02037025491065029
inversionPercent: 2.242460131389801