averageError: 1.6814297604631485E-5
maxError: 0.0012973073677470942
percentOfTop: 0.9242424242424242
euclideanDistance: 0.08924942246151295
inversionPercent: 3.9793383623419847