averageError: 2.1762001861750296E-5
maxError: 0.004107444248504483
percentOfTop: 0.9211886304909561
euclideanDistance: 0.07242838215691735
inversionPercent: 1.3511750163118266