averageError: 8.14256657377921E-6
maxError: 7.88004421971699E-4
percentOfTop: 0.9696969696969697
euclideanDistance: 0.04213967340892521
inversionPercent: 2.0650853342519904