averageError: 7.258285937278882E-5
maxError: 0.011965051897509859
percentOfTop: 0.4696969696969697
euclideanDistance: 0.347498401878043
inversionPercent: 12.028223803335557