averageError: 1.2082553422305321E-5
maxError: 0.012694219168789843
percentOfTop: 0.9496124031007752
euclideanDistance: 0.08652469832762924
inversionPercent: 4.143142643627189