averageError: 5.6471392246602436E-5
maxError: 0.01246648549455737
percentOfTop: 0.6818181818181818
euclideanDistance: 0.3886803447330699
inversionPercent: 10.94751967917726