averageError: 6.333399075825594E-5
maxError: 0.008329354230075667
percentOfTop: 0.6363636363636364
euclideanDistance: 0.3379248010322722
inversionPercent: 13.23405838646923