averageError: 2.8828336413503164E-6
maxError: 3.662274707783462E-4
percentOfTop: 0.9840425531914894
euclideanDistance: 0.04017057278735186
inversionPercent: 0.6001063452728668