averageError: 4.280772364319004E-6
maxError: 3.926917952329879E-4
percentOfTop: 0.9627659574468085
euclideanDistance: 0.0610980774702704
inversionPercent: 0.9328465393849449