averageError: 9.0515659554051E-6
maxError: 0.007767426841094868
percentOfTop: 0.9573643410852714
euclideanDistance: 0.05853179932387025
inversionPercent: 2.5177234083939593