averageError: 7.698522044923618E-6
maxError: 0.004201693625729981
percentOfTop: 0.8830188679245283
euclideanDistance: 0.055995449684323656
inversionPercent: 2.1702212080011796