averageError: 1.685370030531208E-5
maxError: 0.0189259121910626
percentOfTop: 0.9263565891472868
euclideanDistance: 0.1318735242604627
inversionPercent: 4.6560320713190535