averageError: 8.403686585937848E-5
maxError: 0.03652682387020289
percentOfTop: 0.5757575757575758
euclideanDistance: 0.746446480460567
inversionPercent: 14.602088148958334