averageError: 2.6225229049235474E-5
maxError: 0.07739033119092437
percentOfTop: 0.8785529715762274
euclideanDistance: 0.2333359268584174
inversionPercent: 7.763428397393995