averageError: 8.091511747189093E-6
maxError: 0.0017120297376460741
percentOfTop: 0.9042553191489362
euclideanDistance: 0.14357632895641684
inversionPercent: 2.0895758622634717