averageError: 6.653310754989207E-5
maxError: 0.010271166284656083
percentOfTop: 0.696969696969697
euclideanDistance: 0.44792023051186736
inversionPercent: 13.002871358714058