averageError: 6.059212909591884E-6
maxError: 9.094631554716296E-4
percentOfTop: 0.9148936170212766
euclideanDistance: 0.09133321694236893
inversionPercent: 1.297151352712393