averageError: 2.881148472541016E-5
maxError: 0.03732396759656739
percentOfTop: 0.8643410852713178
euclideanDistance: 0.21560753119086304
inversionPercent: 8.637688165838444