averageError: 3.1609383183082034E-5
maxError: 0.004824188144537222
percentOfTop: 0.803030303030303
euclideanDistance: 0.20352319148944464
inversionPercent: 6.975832163836802