averageError: 1.7767813319329888E-5
maxError: 0.010535323996666986
percentOfTop: 0.8085106382978723
euclideanDistance: 0.4206993889390509
inversionPercent: 4.355458274260352