averageError: 0.0010566142175909732
maxError: 1.1842091450928116
percentOfTop: 0.7918781725888325
euclideanDistance: 0.28156739395481656
inversionPercent: 5.320413871598809