averageError: 7.920112283176333E-6
maxError: 6.179274972165447E-4
percentOfTop: 0.9414893617021277
euclideanDistance: 0.08817300727726271
inversionPercent: 1.048051837173561