averageError: 7.1112119675861355E-6
maxError: 0.008441117560440081
percentOfTop: 0.9677002583979328
euclideanDistance: 0.04235007233620368
inversionPercent: 1.531384256586487