averageError: 2.907152945195143E-6
maxError: 0.005352816574289626
percentOfTop: 0.9811320754716981
euclideanDistance: 0.052725381654839955
inversionPercent: 4.761851116526536