averageError: 5.4431525246536434E-6
maxError: 0.004665084026866939
percentOfTop: 0.9741602067183462
euclideanDistance: 0.03340971074540386
inversionPercent: 2.418514891415416