averageError: 6.518245712424575E-5
maxError: 0.004117976874707434
percentOfTop: 0.6060606060606061
euclideanDistance: 0.32479011265932306
inversionPercent: 13.761073536488546