averageError: 2.1252612912559175E-5
maxError: 0.0018978872796322765
percentOfTop: 0.8484848484848485
euclideanDistance: 0.10136391590288325
inversionPercent: 4.98023855183583