averageError: 1.342938232742086E-6
maxError: 0.001309934766721102
percentOfTop: 0.9924528301886792
euclideanDistance: 0.01521741103123307
inversionPercent: 0.9403213001471039