averageError: 2.126305618875645E-5
maxError: 0.022228116440254325
percentOfTop: 0.9069767441860465
euclideanDistance: 0.13837057889706553
inversionPercent: 7.31912533986342