averageError: 1.881617471039505E-5
maxError: 6.584494945459872E-4
percentOfTop: 0.9393939393939394
euclideanDistance: 0.06831146344260568
inversionPercent: 4.443424948639119