averageError: 5.7697154766988765E-6
maxError: 8.643259617359053E-4
percentOfTop: 0.9202127659574468
euclideanDistance: 0.08986944666022713
inversionPercent: 0.9557986013829154