averageError: 0.0017927508338750418
maxError: 1.1597821755552276
percentOfTop: 0.6354135562854584
euclideanDistance: 0.5561796695845651
inversionPercent: 5.228718581823988