averageError: 6.055543399911892E-5
maxError: 0.048324024383871844
percentOfTop: 0.7764857881136951
euclideanDistance: 0.525047810406723
inversionPercent: 5.050828405786353