averageError: 2.5614647803899016E-6
maxError: 0.003777517258945484
percentOfTop: 0.9886792452830189
euclideanDistance: 0.045784504250405714
inversionPercent: 2.1963119801186806