averageError: 5.872817492179693E-4
maxError: 0.5278114670191667
percentOfTop: 0.8892206628844431
euclideanDistance: 0.1724776911259521
inversionPercent: 3.27744036025753