averageError: 8.041237296025004E-6
maxError: 9.353941993345905E-4
percentOfTop: 0.9095744680851063
euclideanDistance: 0.12172792611054296
inversionPercent: 1.7506285424278214