averageError: 1.4293490850480636E-5
maxError: 0.0020165260080501827
percentOfTop: 0.8457446808510638
euclideanDistance: 0.20644185504806628
inversionPercent: 2.4628445688382103