averageError: 6.319415916468784E-5
maxError: 0.1516654245817003
percentOfTop: 0.772609819121447
euclideanDistance: 0.6398433153931982
inversionPercent: 6.300701628113399