averageError: 1.579839982568294E-5
maxError: 0.001452878119858867
percentOfTop: 0.9090909090909091
euclideanDistance: 0.08315025196004712
inversionPercent: 3.7817817364701156