averageError: 1.2566762795596855E-5
maxError: 0.01899037627337538
percentOfTop: 0.9496124031007752
euclideanDistance: 0.0822413514039444
inversionPercent: 4.719454126988725