averageError: 0.001286843559618729
maxError: 0.9762481505312439
percentOfTop: 0.7966557181248134
euclideanDistance: 0.20185395225351213
inversionPercent: 3.2210606149412295