averageError: 4.006012053958424E-5
maxError: 0.00923498132634482
percentOfTop: 0.7424242424242424
euclideanDistance: 0.26020773088885313
inversionPercent: 8.330170936954753