averageError: 2.1171870645226244E-5
maxError: 0.0030848360665522326
percentOfTop: 0.7393617021276596
euclideanDistance: 0.3365959989833574
inversionPercent: 4.096630894074821