averageError: 4.645279697657447E-4
maxError: 0.42748776018475665
percentOfTop: 0.9038518960883846
euclideanDistance: 0.12471513884624928
inversionPercent: 2.711038158480397