averageError: 3.695579227725705E-5
maxError: 0.00896790883980956
percentOfTop: 0.5585106382978723
euclideanDistance: 0.6859769439637146
inversionPercent: 3.6348374272835167