averageError: 8.490504878970225E-4
maxError: 2.2160147526669887
percentOfTop: 0.8462227530606151
euclideanDistance: 0.3926642867524053
inversionPercent: 4.736131712120053