averageError: 0.0011385669885160188
maxError: 2.919418594609964
percentOfTop: 0.7823230815168707
euclideanDistance: 0.4657866178855355
inversionPercent: 5.238954541675003