averageError: 7.404396708881207E-6
maxError: 0.0055024738880257995
percentOfTop: 0.9664082687338501
euclideanDistance: 0.04678744968149159
inversionPercent: 2.7915703337932642