averageError: 5.266908935424297E-6
maxError: 0.0070733179355069176
percentOfTop: 0.975452196382429
euclideanDistance: 0.03774192068990236
inversionPercent: 1.5202475389958898