averageError: 5.117710309775798E-5
maxError: 0.0851301014659338
percentOfTop: 0.7816537467700259
euclideanDistance: 0.39124028599089916
inversionPercent: 3.8911520419984704