averageError: 8.184715786070965E-6
maxError: 9.710054787858517E-4
percentOfTop: 0.9393939393939394
euclideanDistance: 0.04112612512149205
inversionPercent: 2.0840666552158527