averageError: 1.6398702395113685E-5
maxError: 0.0010842001715155231
percentOfTop: 0.9242424242424242
euclideanDistance: 0.0779102071151279
inversionPercent: 3.9123367524241917