averageError: 1.5759946694519238E-5
maxError: 0.0026330952856742995
percentOfTop: 0.8085106382978723
euclideanDistance: 0.2504811498956722
inversionPercent: 5.3208008422710895