averageError: 1.0039607941335343E-5
maxError: 0.009057809869186861
percentOfTop: 0.9483204134366925
euclideanDistance: 0.06171886515789486
inversionPercent: 4.406644831742651