averageError: 3.504065023579455E-6
maxError: 0.0036786969661357846
percentOfTop: 0.9735849056603774
euclideanDistance: 0.046645502269779406
inversionPercent: 10.902262900447232