averageError: 1.984509055212139E-5
maxError: 0.01962302796091664
percentOfTop: 0.9082687338501292
euclideanDistance: 0.1443555410864456
inversionPercent: 6.872680312807958