averageError: 2.455112829769947E-5
maxError: 0.006860608777881647
percentOfTop: 0.675531914893617
euclideanDistance: 0.46622606147816514
inversionPercent: 4.212702896415365