averageError: 4.866023869641112E-6
maxError: 0.005891574847216502
percentOfTop: 0.9702842377260982
euclideanDistance: 0.03206129306429517
inversionPercent: 1.2347985933723928