averageError: 4.136052274320789E-6
maxError: 0.009417687855965313
percentOfTop: 0.969811320754717
euclideanDistance: 0.08610914039076319
inversionPercent: 11.28156540067141