averageError: 4.3778468429372934E-5
maxError: 0.03201160830187377
percentOfTop: 0.7816537467700259
euclideanDistance: 0.29943800400754156
inversionPercent: 3.04609077411052