averageError: 5.19034391543639E-6
maxError: 5.403897063663513E-4
percentOfTop: 0.9361702127659575
euclideanDistance: 0.06977588431393487
inversionPercent: 0.9130672857990783