averageError: 1.5640326346597223E-5
maxError: 0.0017865681407676463
percentOfTop: 0.8939393939393939
euclideanDistance: 0.07448133194110353
inversionPercent: 3.8284320007946144