averageError: 1.0310756224015618E-5
maxError: 0.024456502409603995
percentOfTop: 0.9471698113207547
euclideanDistance: 0.2384364839940009
inversionPercent: 17.845079424051235