averageError: 5.947684574438563E-6
maxError: 0.0012852416308892466
percentOfTop: 0.9095744680851063
euclideanDistance: 0.10160691386992249
inversionPercent: 1.0510333689425737