averageError: 1.210482242768944E-5
maxError: 0.001746869561719929
percentOfTop: 0.9242424242424242
euclideanDistance: 0.06505205466521644
inversionPercent: 2.8087124864924133