averageError: 3.147962578370544E-5
maxError: 0.011135658263891637
percentOfTop: 0.6276595744680851
euclideanDistance: 0.5862113679326674
inversionPercent: 5.270090963565795