averageError: 1.0448224147322292E-5
maxError: 5.642531791844886E-4
percentOfTop: 0.9696969696969697
euclideanDistance: 0.04273167520956039
inversionPercent: 2.2019905995019498