averageError: 4.345328063071573E-6
maxError: 5.164850065806871E-4
percentOfTop: 0.9574468085106383
euclideanDistance: 0.05772226058963244
inversionPercent: 0.7994977722401014