averageError: 3.961643867962275E-5
maxError: 0.005814163428726498
percentOfTop: 0.7878787878787878
euclideanDistance: 0.22598415625153076
inversionPercent: 8.805736107984972