averageError: 3.838123193933689E-6
maxError: 3.490479588452943E-4
percentOfTop: 0.9414893617021277
euclideanDistance: 0.05323109608123784
inversionPercent: 0.8335166353864083