averageError: 3.162550515778184E-5
maxError: 0.030451326489588176
percentOfTop: 0.8591731266149871
euclideanDistance: 0.2378808193642115
inversionPercent: 8.692480450104151