averageError: 7.576444241058489E-6
maxError: 0.015861895923040832
percentOfTop: 0.9283018867924528
euclideanDistance: 0.15084084537406844
inversionPercent: 14.976859081652474