averageError: 6.373891491466086E-6
maxError: 0.013151575618217504
percentOfTop: 0.9735849056603774
euclideanDistance: 0.14191143899380357
inversionPercent: 16.375304207459802