averageError: 8.447014671596106E-5
maxError: 0.013016016579765987
percentOfTop: 0.4393939393939394
euclideanDistance: 0.5858276544223057
inversionPercent: 14.24279456142804