averageError: 3.7747951647145643E-6
maxError: 3.5782202743797707E-4
percentOfTop: 0.9574468085106383
euclideanDistance: 0.052091577727668925
inversionPercent: 0.7103986145077851