averageError: 8.63608434989709E-6
maxError: 8.126748477051554E-4
percentOfTop: 0.9545454545454546
euclideanDistance: 0.043038883138183416
inversionPercent: 2.1383214819260195