averageError: 2.459857880157089E-4
maxError: 0.23327966417694546
percentOfTop: 0.9501343684681994
euclideanDistance: 0.06250582712749303
inversionPercent: 2.0837957450369275