averageError: 1.1997835492612275E-5
maxError: 0.01626873044687907
percentOfTop: 0.9457364341085271
euclideanDistance: 0.08384193487156785
inversionPercent: 3.035905448847236