averageError: 2.9570548271281548E-5
maxError: 0.0016124008783370992
percentOfTop: 0.8636363636363636
euclideanDistance: 0.12471072356758937
inversionPercent: 6.608929385459253