averageError: 2.8127847254438154E-5
maxError: 0.04983646358120604
percentOfTop: 0.8708010335917312
euclideanDistance: 0.22777017554937734
inversionPercent: 7.059443258631412