averageError: 1.1376446364847435E-5
maxError: 0.0024582465161971045
percentOfTop: 0.851063829787234
euclideanDistance: 0.19037359955440683
inversionPercent: 2.9459997203160873