averageError: 1.2797765993604002E-5
maxError: 0.007068140043817034
percentOfTop: 0.9366925064599483
euclideanDistance: 0.07513909181656468
inversionPercent: 5.426522534850843