averageError: 5.6933013160613306E-6
maxError: 7.162117879536855E-4
percentOfTop: 0.9308510638297872
euclideanDistance: 0.08729130924760427
inversionPercent: 1.0870064323326862