averageError: 1.5780774009702703E-6
maxError: 0.0014972038151956565
percentOfTop: 0.9811320754716981
euclideanDistance: 0.020403153604120604
inversionPercent: 3.199028276749943