averageError: 2.826306203971191E-5
maxError: 0.0022748044803457684
percentOfTop: 0.8333333333333334
euclideanDistance: 0.12595403186952148
inversionPercent: 6.682688549292491