averageError: 1.1858517380425502E-5
maxError: 0.015047255582279567
percentOfTop: 0.9444444444444444
euclideanDistance: 0.09397867676948682
inversionPercent: 3.4611440986679263