averageError: 1.3112705331667004E-5
maxError: 0.0018916847884336225
percentOfTop: 0.851063829787234
euclideanDistance: 0.19597103098488267
inversionPercent: 2.694746781679666