averageError: 5.475675382938845E-6
maxError: 8.458915208787985E-4
percentOfTop: 0.9202127659574468
euclideanDistance: 0.08159028588403518
inversionPercent: 1.0047359075173685