averageError: 2.093079671944238E-5
maxError: 0.026818358092843927
percentOfTop: 0.9031007751937985
euclideanDistance: 0.14234131299844902
inversionPercent: 3.6636244347440243