averageError: 0.0014018821732158845
maxError: 1.1045849208557024
percentOfTop: 0.6942370856972231
euclideanDistance: 0.3304031922202014
inversionPercent: 3.4338691528177603