averageError: 1.0498564497828232E-5
maxError: 0.0024928801017974553
percentOfTop: 0.8297872340425532
euclideanDistance: 0.17624005243100171
inversionPercent: 1.6678511628876362