averageError: 8.285904582798675E-6
maxError: 0.0016786868779142964
percentOfTop: 0.898936170212766
euclideanDistance: 0.12870239823161897
inversionPercent: 1.3251878543804219