averageError: 2.8392739765079223E-5
maxError: 0.004395584611304486
percentOfTop: 0.601063829787234
euclideanDistance: 0.462076695016079
inversionPercent: 2.341957730404664