averageError: 2.4065059710415537E-5
maxError: 0.002549685182233568
percentOfTop: 0.803030303030303
euclideanDistance: 0.13897868065971797
inversionPercent: 5.199280496389545