averageError: 2.1409593416682808E-5
maxError: 0.0024219831927671034
percentOfTop: 0.8939393939393939
euclideanDistance: 0.1466147958700175
inversionPercent: 4.754434424905085