averageError: 7.090707509670812E-6
maxError: 0.008749214035503092
percentOfTop: 0.9599483204134367
euclideanDistance: 0.04894395360306117
inversionPercent: 1.1112409095545923