averageError: 1.4387558225656285E-5
maxError: 9.783889239689224E-4
percentOfTop: 0.9242424242424242
euclideanDistance: 0.05607115477595022
inversionPercent: 3.3073273962205185