averageError: 1.8014290623764818E-6
maxError: 0.0018739543700975782
percentOfTop: 0.9886792452830189
euclideanDistance: 0.026618438927916224
inversionPercent: 3.4769250326527006