averageError: 9.77293698072784E-6
maxError: 0.012745806765968898
percentOfTop: 0.9470284237726099
euclideanDistance: 0.06482847198527313
inversionPercent: 4.376458477954347