averageError: 1.4635221155256E-6
maxError: 0.001638000461923833
percentOfTop: 0.9886792452830189
euclideanDistance: 0.021538035354111466
inversionPercent: 1.8218815074893442