averageError: 8.27876095309331E-6
maxError: 9.356643508375596E-4
percentOfTop: 0.9545454545454546
euclideanDistance: 0.046869451311810556
inversionPercent: 2.0303024454337937