averageError: 1.769826038024986E-5
maxError: 0.028792466427779703
percentOfTop: 0.9211886304909561
euclideanDistance: 0.14637054624667142
inversionPercent: 6.447256384110542