averageError: 8.369804000279357E-4
maxError: 0.34490456389594826
percentOfTop: 0.8315915198566737
euclideanDistance: 0.16625954465346068
inversionPercent: 3.0465110218806273