averageError: 5.107419533860209E-6
maxError: 0.0024177311163219584
percentOfTop: 0.9767441860465116
euclideanDistance: 0.028105936271030516
inversionPercent: 1.2187778524047346