averageError: 9.063342559779318E-6
maxError: 0.022283132857245883
percentOfTop: 0.9773584905660377
euclideanDistance: 0.22237102710395423
inversionPercent: 15.69237257599756