averageError: 1.1189324474480281E-5
maxError: 0.0023589187431440435
percentOfTop: 0.8457446808510638
euclideanDistance: 0.18398030701014048
inversionPercent: 1.665803878461436