averageError: 6.327296853403501E-5
maxError: 0.005069603116809778
percentOfTop: 0.6363636363636364
euclideanDistance: 0.2896046209235535
inversionPercent: 13.600799168691271