averageError: 4.0757665293738506E-5
maxError: 0.010996570824164708
percentOfTop: 0.5478723404255319
euclideanDistance: 0.7268238478761966
inversionPercent: 3.6249211239261165