averageError: 2.108152695582844E-5
maxError: 0.03533369216234511
percentOfTop: 0.8863049095607235
euclideanDistance: 0.16367650723793362
inversionPercent: 7.417259145781765