averageError: 1.989653037493799E-5
maxError: 0.0023608074946256854
percentOfTop: 0.8939393939393939
euclideanDistance: 0.12022347686906275
inversionPercent: 4.827897367196824