averageError: 0.0010394672462951768
maxError: 1.5875962222112903
percentOfTop: 0.7999402806808003
euclideanDistance: 0.29504360727766044
inversionPercent: 5.5001063997956745