averageError: 3.755972910412998E-5
maxError: 0.031523713211093804
percentOfTop: 0.7260981912144703
euclideanDistance: 0.2166162732511574
inversionPercent: 2.3121908835493787