averageError: 6.391879535687865E-5
maxError: 0.006265182770629539
percentOfTop: 0.5909090909090909
euclideanDistance: 0.337467918756262
inversionPercent: 13.49531652914813