averageError: 3.967428636928365E-6
maxError: 3.86235248117313E-4
percentOfTop: 0.9468085106382979
euclideanDistance: 0.05717219069413204
inversionPercent: 0.7733587121680767