averageError: 4.2905386601636185E-5
maxError: 0.05551195037056539
percentOfTop: 0.8527131782945736
euclideanDistance: 0.2094122084588494
inversionPercent: 8.454023160367571