averageError: 1.7635591064532486E-5
maxError: 0.003332642473031203
percentOfTop: 0.7978723404255319
euclideanDistance: 0.29057303231242454
inversionPercent: 2.994628826992978