averageError: 7.290121748034232E-6
maxError: 7.816870368604761E-4
percentOfTop: 0.9095744680851063
euclideanDistance: 0.09729364755025294
inversionPercent: 1.113903787939339