averageError: 6.190008560052531E-4
maxError: 0.9007231669441493
percentOfTop: 0.8850403105404598
euclideanDistance: 0.21369675551403364
inversionPercent: 3.312813252741024