averageError: 0.0014873754933809723
maxError: 1.0646830342028624
percentOfTop: 0.6658704090773365
euclideanDistance: 0.410202396642864
inversionPercent: 4.282657592004803