averageError: 0.0026842612416876454
maxError: 7.474398015873552
percentOfTop: 0.6386981188414452
euclideanDistance: 0.9825477575739932
inversionPercent: 6.214036660679778