averageError: 7.300931900507585E-4
maxError: 0.7632472600911975
percentOfTop: 0.8560764407285757
euclideanDistance: 0.1885471222530422
inversionPercent: 4.599953501890316