averageError: 1.94482652540663E-5
maxError: 0.04017515456973976
percentOfTop: 0.9147286821705426
euclideanDistance: 0.1797914686451094
inversionPercent: 6.209778158221824