averageError: 1.584990644998831E-5
maxError: 0.02489416105834863
percentOfTop: 0.9341085271317829
euclideanDistance: 0.10632219199946169
inversionPercent: 4.040901287892722