averageError: 1.578657593664646E-5
maxError: 0.0013709636097128351
percentOfTop: 0.9242424242424242
euclideanDistance: 0.08254291109969772
inversionPercent: 3.830107503888718