averageError: 5.30551108366888E-6
maxError: 0.003560325994980129
percentOfTop: 0.9767441860465116
euclideanDistance: 0.028586999229523014
inversionPercent: 1.9201449912816664