averageError: 7.204582225272925E-6
maxError: 0.00972456058795415
percentOfTop: 0.9677002583979328
euclideanDistance: 0.04563260419715131
inversionPercent: 2.2075579464699917