averageError: 2.9133998313219605E-6
maxError: 4.295461395535326E-4
percentOfTop: 0.9680851063829787
euclideanDistance: 0.04360508553456533
inversionPercent: 0.7432255460502605