averageError: 1.9172530556823402E-5
maxError: 0.003429088674517259
percentOfTop: 0.7659574468085106
euclideanDistance: 0.2730764680377294
inversionPercent: 5.425390570161391