averageError: 0.0015359569378976864
maxError: 1.5261339472650746
percentOfTop: 0.7163332338011347
euclideanDistance: 0.46841786370021976
inversionPercent: 8.138950971559348