averageError: 2.9004486831470368E-6
maxError: 4.2092412785504386E-4
percentOfTop: 0.9574468085106383
euclideanDistance: 0.04345157085059998
inversionPercent: 0.5781049906255714