averageError: 7.901809321264824E-6
maxError: 7.472001322766479E-4
percentOfTop: 0.9242424242424242
euclideanDistance: 0.038156509530472164
inversionPercent: 2.0534540102865706