averageError: 5.224974038287157E-4
maxError: 0.16585584981362222
percentOfTop: 0.9148999701403404
euclideanDistance: 0.08225185195886942
inversionPercent: 2.6341763590584986