averageError: 3.611292682672627E-5
maxError: 0.03745871835803756
percentOfTop: 0.8255813953488372
euclideanDistance: 0.30865161772533667
inversionPercent: 5.737267761917927