averageError: 2.1453527733419094E-5
maxError: 0.012294666575520157
percentOfTop: 0.7127659574468085
euclideanDistance: 0.5323993473353857
inversionPercent: 4.654229552836188