averageError: 5.075141510584479E-4
maxError: 0.4953912783340034
percentOfTop: 0.8948939982084204
euclideanDistance: 0.14720220055265823
inversionPercent: 3.3788331791170068