averageError: 3.782977074232537E-5
maxError: 0.012206090685327388
percentOfTop: 0.574468085106383
euclideanDistance: 0.6954720547909243
inversionPercent: 2.9331359403783552