averageError: 4.262261941079983E-5
maxError: 0.057878979915970505
percentOfTop: 0.7906976744186046
euclideanDistance: 0.2887895992789153
inversionPercent: 3.099440563398575