averageError: 4.7553780586337386E-5
maxError: 0.0038249150400557572
percentOfTop: 0.7121212121212122
euclideanDistance: 0.21268466742233627
inversionPercent: 11.171023460699802