averageError: 4.9774036968557E-5
maxError: 0.039405075759222544
percentOfTop: 0.8049095607235142
euclideanDistance: 0.3970381313098573
inversionPercent: 3.9162289564603063