averageError: 1.8029624328272386E-5
maxError: 0.028651884336095564
percentOfTop: 0.9108527131782945
euclideanDistance: 0.13604942581585178
inversionPercent: 6.509311005473039