averageError: 1.5626509242453096E-5
maxError: 0.026807021048314117
percentOfTop: 0.9302325581395349
euclideanDistance: 0.1287348009650824
inversionPercent: 3.9683430185214843