averageError: 3.1189489560218607E-6
maxError: 5.664335499098285E-4
percentOfTop: 0.9627659574468085
euclideanDistance: 0.05128382655177854
inversionPercent: 0.5989552798954524