averageError: 1.0446027807251967E-5
maxError: 6.066469814153853E-4
percentOfTop: 0.9095744680851063
euclideanDistance: 0.11606693294776128
inversionPercent: 1.2824729988044472