averageError: 2.9736593898723024E-6
maxError: 0.003769715431231932
percentOfTop: 0.9773584905660377
euclideanDistance: 0.048439168424041626
inversionPercent: 5.721340652217941