averageError: 5.356087035763589E-6
maxError: 0.007358888193927826
percentOfTop: 0.979328165374677
euclideanDistance: 0.036248991164077496
inversionPercent: 1.885974105632728