averageError: 1.148452639023352E-5
maxError: 9.113016098181889E-4
percentOfTop: 0.9545454545454546
euclideanDistance: 0.05527294410685971
inversionPercent: 2.961090698824107