averageError: 9.104568176994954E-6
maxError: 0.002236357934840823
percentOfTop: 0.8882978723404256
euclideanDistance: 0.15502114830111963
inversionPercent: 1.377118044013448