averageError: 2.9744115557241424E-6
maxError: 3.394491062804232E-4
percentOfTop: 0.9627659574468085
euclideanDistance: 0.0440884048444246
inversionPercent: 0.6660860029961982