averageError: 2.11949174559415E-5
maxError: 0.0280626673980048
percentOfTop: 0.9069767441860465
euclideanDistance: 0.19079938174282396
inversionPercent: 5.075240368262221