averageError: 6.990655408951752E-6
maxError: 0.01084545142165727
percentOfTop: 0.9560723514211886
euclideanDistance: 0.05240110304455651
inversionPercent: 1.7709962641709434