averageError: 7.122064181045252E-6
maxError: 0.006893282128898448
percentOfTop: 0.9702842377260982
euclideanDistance: 0.04499160039880298
inversionPercent: 3.3915242573695776