averageError: 3.019650931393443E-6
maxError: 0.004266570527249311
percentOfTop: 0.9811320754716981
euclideanDistance: 0.04786515154799172
inversionPercent: 8.821302180206667