averageError: 4.525677912407333E-6
maxError: 0.0016562349309478738
percentOfTop: 0.9283018867924528
euclideanDistance: 0.029858358674476962
inversionPercent: 1.0910830752184533