averageError: 2.7452067634354888E-5
maxError: 0.009561352401687123
percentOfTop: 0.875968992248062
euclideanDistance: 0.11205293111927575
inversionPercent: 1.5290223853644767