averageError: 2.2655263402147555E-5
maxError: 0.005064551359479419
percentOfTop: 0.9250645994832042
euclideanDistance: 0.07723001896621744
inversionPercent: 1.375853434141975