averageError: 9.162116962392953E-6
maxError: 0.0065052799832736475
percentOfTop: 0.9573643410852714
euclideanDistance: 0.06074574461650806
inversionPercent: 2.1800572006423056