averageError: 1.7717212373636377E-5
maxError: 0.016000138211133136
percentOfTop: 0.917312661498708
euclideanDistance: 0.10217671883388187
inversionPercent: 5.847825044552151