averageError: 7.3580184401959065E-6
maxError: 0.0014059491978066032
percentOfTop: 0.9148936170212766
euclideanDistance: 0.1173373142328272
inversionPercent: 1.3054086007945551