averageError: 2.354481332356568E-4
maxError: 0.2721273277023153
percentOfTop: 0.957002090176172
euclideanDistance: 0.05768681717829013
inversionPercent: 1.9644816442948603