averageError: 1.4346264695654128E-5
maxError: 0.0023098450269592053
percentOfTop: 0.8031914893617021
euclideanDistance: 0.22493707267951088
inversionPercent: 2.8595903549030837