averageError: 2.329494743457549E-5
maxError: 0.0019473881544525905
percentOfTop: 0.8787878787878788
euclideanDistance: 0.10269793036453141
inversionPercent: 5.248906861513791