averageError: 7.034203790478985E-5
maxError: 0.011129663776734184
percentOfTop: 0.5606060606060606
euclideanDistance: 0.46892032720017673
inversionPercent: 13.675460882533764