averageError: 0.0013328639224574287
maxError: 1.2295893733004046
percentOfTop: 0.7721707972529113
euclideanDistance: 0.33417620172676044
inversionPercent: 8.904627516677087