averageError: 2.564689690445552E-5
maxError: 0.0030159536226068567
percentOfTop: 0.8636363636363636
euclideanDistance: 0.11077873218554288
inversionPercent: 5.555283247732251