averageError: 2.0896217079890933E-5
maxError: 0.004816275637289804
percentOfTop: 0.7287234042553191
euclideanDistance: 0.3986843854585428
inversionPercent: 2.5770276433799215