averageError: 1.5387009756785407E-5
maxError: 0.020313219777285604
percentOfTop: 0.9302325581395349
euclideanDistance: 0.11572095905907902
inversionPercent: 2.7027905378318278