averageError: 4.068475270612225E-6
maxError: 7.631570961353085E-4
percentOfTop: 0.9414893617021277
euclideanDistance: 0.0604154582259733
inversionPercent: 1.0937890907449654