averageError: 4.4676523947779183E-4
maxError: 0.4626695269082401
percentOfTop: 0.9137055837563451
euclideanDistance: 0.11839139038766938
inversionPercent: 2.7212864305080804