averageError: 7.130766989454234E-6
maxError: 0.02155973317882519
percentOfTop: 0.9622641509433962
euclideanDistance: 0.16732239834640852
inversionPercent: 11.517568255005017