averageError: 5.656098938006976E-6
maxError: 0.014872170933420352
percentOfTop: 0.9773584905660377
euclideanDistance: 0.1322592680011466
inversionPercent: 13.343603569786039