averageError: 1.486483482709026E-5
maxError: 0.0015479595831565628
percentOfTop: 0.9090909090909091
euclideanDistance: 0.06939603258886205
inversionPercent: 3.802887521301916