averageError: 1.3783431863716319E-5
maxError: 0.002821621724241446
percentOfTop: 0.8563829787234043
euclideanDistance: 0.230707411210511
inversionPercent: 3.300788378753136