averageError: 2.369844868486054E-6
maxError: 0.0031254159309028196
percentOfTop: 0.9886792452830189
euclideanDistance: 0.03194991066924502
inversionPercent: 8.416586608786728