averageError: 1.6418538415187396E-6
maxError: 0.0019462676030344087
percentOfTop: 0.9735849056603774
euclideanDistance: 0.026565451838158408
inversionPercent: 1.8483021416133834