averageError: 5.086773245352104E-6
maxError: 0.0020414045802311163
percentOfTop: 0.9819121447028424
euclideanDistance: 0.027761969930907866
inversionPercent: 1.235331905117484