averageError: 5.1097815398596764E-6
maxError: 0.0030910648653233244
percentOfTop: 0.9780361757105943
euclideanDistance: 0.028415505702874433
inversionPercent: 1.0260510923479784