averageError: 6.798050982297637E-6
maxError: 0.01365597251012543
percentOfTop: 0.9584905660377359
euclideanDistance: 0.1407466156518905
inversionPercent: 16.326285172410326