averageError: 5.2140740197239214E-6
maxError: 0.008201502337082334
percentOfTop: 0.9767441860465116
euclideanDistance: 0.03733214505793936
inversionPercent: 0.8435030070320553