averageError: 2.938476826039233E-6
maxError: 0.005380547984851571
percentOfTop: 0.9886792452830189
euclideanDistance: 0.05996655780313114
inversionPercent: 5.725737290450416