averageError: 2.673940756225764E-5
maxError: 0.003699462586502344
percentOfTop: 0.803030303030303
euclideanDistance: 0.13383139392244484
inversionPercent: 6.377251740775973