averageError: 5.082566193852583E-6
maxError: 0.005845001159900914
percentOfTop: 0.9832041343669251
euclideanDistance: 0.02865722771850826
inversionPercent: 0.8345046162178664