averageError: 3.761340144673392E-6
maxError: 0.0061901550004935385
percentOfTop: 0.9622641509433962
euclideanDistance: 0.06893963544288581
inversionPercent: 4.636651078832097