averageError: 1.1189856829696667E-5
maxError: 0.001446399964709768
percentOfTop: 0.9393939393939394
euclideanDistance: 0.056937729595587794
inversionPercent: 2.863976317828311