averageError: 7.355390254780801E-5
maxError: 0.039211290934054205
percentOfTop: 0.6363636363636364
euclideanDistance: 0.6333551354620327
inversionPercent: 13.254895720529046