averageError: 1.4768823683691352E-5
maxError: 0.003242794932996708
percentOfTop: 0.824468085106383
euclideanDistance: 0.23745112414202438
inversionPercent: 3.2467076039549108