averageError: 2.4216487025648282E-5
maxError: 0.03635005031378802
percentOfTop: 0.8708010335917312
euclideanDistance: 0.18405989808722464
inversionPercent: 6.196523834075521