averageError: 2.980066268193759E-5
maxError: 0.004758678771746516
percentOfTop: 0.7878787878787878
euclideanDistance: 0.20377785715820512
inversionPercent: 6.506570957486608