averageError: 0.0011472705192465365
maxError: 3.607815030044724
percentOfTop: 0.7709764108689161
euclideanDistance: 0.37185156872596586
inversionPercent: 6.007634560512793