averageError: 1.560085091632595E-5
maxError: 0.0014599198146948746
percentOfTop: 0.9090909090909091
euclideanDistance: 0.08517427117281598
inversionPercent: 3.6892402755212097