averageError: 4.017679858906729E-6
maxError: 4.498402388223672E-4
percentOfTop: 0.9521276595744681
euclideanDistance: 0.051509992758205524
inversionPercent: 0.7961404982226427