averageError: 1.347792870460376E-5
maxError: 0.004399507375176807
percentOfTop: 0.8351063829787234
euclideanDistance: 0.23385678009330735
inversionPercent: 2.2081883816796117