averageError: 2.929440022135505E-6
maxError: 0.004886597460312732
percentOfTop: 0.9849056603773585
euclideanDistance: 0.04976236219985807
inversionPercent: 8.578503483703754