averageError: 5.947183184908198E-5
maxError: 0.007748825076316784
percentOfTop: 0.5606060606060606
euclideanDistance: 0.3445450386667053
inversionPercent: 10.224989054845464