averageError: 2.7991627355751563E-5
maxError: 0.0015316370364376764
percentOfTop: 0.8636363636363636
euclideanDistance: 0.12690990151065196
inversionPercent: 6.509014785203974