averageError: 2.1578808613815713E-5
maxError: 0.0022616132633525377
percentOfTop: 0.8939393939393939
euclideanDistance: 0.12395181655242142
inversionPercent: 5.172009600725298