averageError: 5.7182197657723667E-5
maxError: 0.05545963423027341
percentOfTop: 0.7713178294573644
euclideanDistance: 0.4738293700906162
inversionPercent: 4.9524221958052035