averageError: 5.159433339752055E-5
maxError: 0.005432539340427677
percentOfTop: 0.7121212121212122
euclideanDistance: 0.2805553193287611
inversionPercent: 10.61026682571912