averageError: 2.774822024645011E-5
maxError: 0.0020870228634451947
percentOfTop: 0.8787878787878788
euclideanDistance: 0.11484112191669753
inversionPercent: 5.875545018708473