averageError: 7.1802651025641395E-6
maxError: 0.013013498240758536
percentOfTop: 0.9664082687338501
euclideanDistance: 0.0529815012334664
inversionPercent: 1.092355364136958