averageError: 2.4475493375703484E-5
maxError: 0.02116527259266543
percentOfTop: 0.8888888888888888
euclideanDistance: 0.1988890001750042
inversionPercent: 6.761799627632235