averageError: 5.896930215310172E-6
maxError: 9.598630164008026E-4
percentOfTop: 0.9202127659574468
euclideanDistance: 0.0943880166138562
inversionPercent: 1.102171775438769