averageError: 5.24696057321579E-5
maxError: 0.018179541201167947
percentOfTop: 0.6515151515151515
euclideanDistance: 0.45554232818008733
inversionPercent: 10.92272501046148