averageError: 0.0010188195961891144
maxError: 1.1329043703135282
percentOfTop: 0.8068080023887728
euclideanDistance: 0.2779306333362744
inversionPercent: 6.807364847284618