averageError: 4.851546216469644E-5
maxError: 0.0031717982753686983
percentOfTop: 0.7272727272727273
euclideanDistance: 0.22723336478051415
inversionPercent: 10.746848098658065