averageError: 0.0013644777415666397
maxError: 1.139301067970993
percentOfTop: 0.7226037623171095
euclideanDistance: 0.25881435910471
inversionPercent: 3.2318628118506876