averageError: 3.524359483502141E-5
maxError: 0.002633067513520793
percentOfTop: 0.7121212121212122
euclideanDistance: 0.1523690324819043
inversionPercent: 8.51242124036198