averageError: 3.5531936345396674E-5
maxError: 0.0029445493608530543
percentOfTop: 0.7878787878787878
euclideanDistance: 0.16818186811905358
inversionPercent: 8.505756255678255