averageError: 2.7604121694189504E-6
maxError: 2.725456018519473E-4
percentOfTop: 0.9627659574468085
euclideanDistance: 0.03642420126395947
inversionPercent: 0.7516065279846299