averageError: 1.0024016988480671E-5
maxError: 0.002374251107812894
percentOfTop: 0.8563829787234043
euclideanDistance: 0.16775418332836778
inversionPercent: 2.3655369754608415