averageError: 2.7862450841184564E-5
maxError: 0.04777181165900553
percentOfTop: 0.8746770025839793
euclideanDistance: 0.2680078293231457
inversionPercent: 5.651680918546901