averageError: 3.5087342710296045E-4
maxError: 0.45870768841379306
percentOfTop: 0.935503135264258
euclideanDistance: 0.10161371994254591
inversionPercent: 2.7132523740540018