averageError: 1.7618225410222536E-6
maxError: 0.003703876408112164
percentOfTop: 0.9735849056603774
euclideanDistance: 0.029759549171947473
inversionPercent: 2.3638011260250495