averageError: 4.411055862320141E-5
maxError: 0.010335619496572208
percentOfTop: 0.803030303030303
euclideanDistance: 0.3261875704451748
inversionPercent: 8.511689943431405