averageError: 7.002073582402543E-6
maxError: 0.006551253215416809
percentOfTop: 0.9702842377260982
euclideanDistance: 0.04183996700536935
inversionPercent: 1.5054150358460487