averageError: 4.558441814851534E-5
maxError: 0.009496275917665723
percentOfTop: 0.7424242424242424
euclideanDistance: 0.28876847494157515
inversionPercent: 9.216350077579959