averageError: 1.0798429987758028E-5
maxError: 0.0021858151987039732
percentOfTop: 0.8457446808510638
euclideanDistance: 0.1651589760091051
inversionPercent: 2.8645323303671604