averageError: 9.623410776118703E-6
maxError: 0.006324664516055154
percentOfTop: 0.9521963824289406
euclideanDistance: 0.06020957219164403
inversionPercent: 3.069600437814253