averageError: 4.514434578215295E-5
maxError: 0.0029528256521620198
percentOfTop: 0.7272727272727273
euclideanDistance: 0.21247971936941248
inversionPercent: 8.26736734169539