averageError: 1.0327765621192646E-5
maxError: 0.03874776754278225
percentOfTop: 0.9584905660377359
euclideanDistance: 0.2589693799471133
inversionPercent: 13.564278398682607