averageError: 1.068282594176987E-5
maxError: 5.560516743155774E-4
percentOfTop: 0.9393939393939394
euclideanDistance: 0.04067207456476986
inversionPercent: 2.236167159852391