averageError: 2.196600394664545E-5
maxError: 0.002585003273360971
percentOfTop: 0.75
euclideanDistance: 0.30112588966745363
inversionPercent: 2.011135978588277