averageError: 9.336923341957208E-6
maxError: 0.0053110486212054175
percentOfTop: 0.9521963824289406
euclideanDistance: 0.05484835235504339
inversionPercent: 3.101095306959576