averageError: 4.0990735610207905E-5
maxError: 0.009139851462037364
percentOfTop: 0.7424242424242424
euclideanDistance: 0.2558109313771927
inversionPercent: 8.51055134188127