averageError: 2.0641705797571654E-5
maxError: 0.009220699615457236
percentOfTop: 0.7712765957446809
euclideanDistance: 0.3823612338736999
inversionPercent: 2.6484226436899942