averageError: 4.914359088495135E-4
maxError: 0.6978723138832859
percentOfTop: 0.9050462824723798
euclideanDistance: 0.13911377328414828
inversionPercent: 3.3368894404318827