averageError: 5.000849396625434E-6
maxError: 0.0037847059782749604
percentOfTop: 0.9780361757105943
euclideanDistance: 0.028714717868715732
inversionPercent: 1.483058151646964