averageError: 8.833584354129924E-5
maxError: 0.007918858885235039
percentOfTop: 0.4393939393939394
euclideanDistance: 0.5394146688110927
inversionPercent: 14.150387325865125