averageError: 4.857652313074899E-5
maxError: 0.004028779689838568
percentOfTop: 0.7424242424242424
euclideanDistance: 0.23601188018179264
inversionPercent: 10.48245185902391