averageError: 2.4210940011908265E-5
maxError: 0.006296282755224251
percentOfTop: 0.7180851063829787
euclideanDistance: 0.38882156890642117
inversionPercent: 7.554524939596596