averageError: 0.001456972614406726
maxError: 1.4931038164977553
percentOfTop: 0.7279785010450881
euclideanDistance: 0.46235454288700506
inversionPercent: 7.845536505438631