averageError: 2.0134425797673983E-5
maxError: 0.006190395403917038
percentOfTop: 0.7659574468085106
euclideanDistance: 0.3768660135879469
inversionPercent: 4.291086589029237