averageError: 4.5798918922790526E-5
maxError: 0.0027744527392243043
percentOfTop: 0.7121212121212122
euclideanDistance: 0.22938293464525392
inversionPercent: 8.282169161847165