averageError: 7.122942743558771E-6
maxError: 0.01032824324842413
percentOfTop: 0.962532299741602
euclideanDistance: 0.05436563985379511
inversionPercent: 1.498522621528205