averageError: 0.0012858060674693624
maxError: 2.224989881071753
percentOfTop: 0.760525530008958
euclideanDistance: 0.388988925494808
inversionPercent: 6.246697369526462