averageError: 1.6840331622096823E-5
maxError: 0.03506832629221168
percentOfTop: 0.9147286821705426
euclideanDistance: 0.14215979178489901
inversionPercent: 5.211870706678367