averageError: 2.101651560973621E-5
maxError: 0.0022617560499794327
percentOfTop: 0.8787878787878788
euclideanDistance: 0.12291727115931705
inversionPercent: 4.8433240296627