averageError: 8.38109605386015E-6
maxError: 0.015323671823204054
percentOfTop: 0.969811320754717
euclideanDistance: 0.20694807187727926
inversionPercent: 13.72416131479115