averageError: 0.0014831830830250331
maxError: 0.7724967516864976
percentOfTop: 0.6766198865332935
euclideanDistance: 0.4190693612153526
inversionPercent: 4.240965408407731