averageError: 2.3693658215242698E-5
maxError: 0.002564493785129968
percentOfTop: 0.7074468085106383
euclideanDistance: 0.33454979461220924
inversionPercent: 2.100597256493567