averageError: 4.580504169469505E-6
maxError: 0.00890409707109039
percentOfTop: 0.9735849056603774
euclideanDistance: 0.08694518408850328
inversionPercent: 10.031063955492028