averageError: 2.883001141087118E-5
maxError: 0.003315280466574853
percentOfTop: 0.8636363636363636
euclideanDistance: 0.15272329384671582
inversionPercent: 6.826402281535341