averageError: 1.5387381191969585E-5
maxError: 0.02131317745412556
percentOfTop: 0.9354005167958657
euclideanDistance: 0.10482333920597382
inversionPercent: 2.6811810854649885