averageError: 1.215224084940514E-5
maxError: 0.01498227552299991
percentOfTop: 0.9547803617571059
euclideanDistance: 0.08398177023931641
inversionPercent: 4.179628479224162