averageError: 1.998219209364296E-5
maxError: 0.0015152291257850177
percentOfTop: 0.9242424242424242
euclideanDistance: 0.08428935325394214
inversionPercent: 5.082643264424334