averageError: 5.121344173155178E-6
maxError: 0.0036604028895541596
percentOfTop: 0.9715762273901809
euclideanDistance: 0.031076550971851056
inversionPercent: 1.5047110496378553