averageError: 8.234915231832276E-6
maxError: 6.637130337222713E-4
percentOfTop: 0.9545454545454546
euclideanDistance: 0.040708196350748314
inversionPercent: 2.0957396353355455