averageError: 6.485842277250404E-6
maxError: 5.840986387236373E-4
percentOfTop: 0.9361702127659575
euclideanDistance: 0.08641473295173428
inversionPercent: 1.1010042500534922