averageError: 7.242631527960127E-6
maxError: 0.004172660172602427
percentOfTop: 0.9651162790697675
euclideanDistance: 0.040621667580880164
inversionPercent: 3.3575787208306247