averageError: 5.767875347996351E-6
maxError: 5.688794827442088E-4
percentOfTop: 0.9308510638297872
euclideanDistance: 0.08543834192945558
inversionPercent: 1.462576134489298