averageError: 3.353691198623037E-4
maxError: 0.18993295727220247
percentOfTop: 0.9310241863242759
euclideanDistance: 0.08822783962055489
inversionPercent: 2.353594978305277