averageError: 6.027247367880568E-6
maxError: 8.250031844500411E-4
percentOfTop: 0.9202127659574468
euclideanDistance: 0.0888972194348658
inversionPercent: 1.2379906789359338