averageError: 2.481449758265516E-4
maxError: 0.23990703772481226
percentOfTop: 0.9519259480441923
euclideanDistance: 0.07022615843145419
inversionPercent: 1.924229994285866