averageError: 7.615983739361361E-6
maxError: 0.006726929024125722
percentOfTop: 0.9638242894056848
euclideanDistance: 0.04623400804578825
inversionPercent: 3.342343008869872