averageError: 1.5120002327785738E-5
maxError: 0.0030015500424812004
percentOfTop: 0.8031914893617021
euclideanDistance: 0.2519385279485383
inversionPercent: 2.0033180424400983