averageError: 3.517257831874973E-5
maxError: 0.0035259918465308064
percentOfTop: 0.8181818181818182
euclideanDistance: 0.16166643575126205
inversionPercent: 6.9367355488205265