averageError: 4.015748049183453E-6
maxError: 0.006279695889944266
percentOfTop: 0.9773584905660377
euclideanDistance: 0.06837880822394006
inversionPercent: 12.857195789151692