averageError: 6.884544176555191E-6
maxError: 0.00112348395068403
percentOfTop: 0.9148936170212766
euclideanDistance: 0.10582434495153914
inversionPercent: 1.100127896531437