averageError: 2.671710455284354E-5
maxError: 0.027865752936147202
percentOfTop: 0.8695090439276486
euclideanDistance: 0.20966515913128714
inversionPercent: 4.710219124622008