averageError: 1.5233842108209185E-5
maxError: 0.0017430887446677652
percentOfTop: 0.9090909090909091
euclideanDistance: 0.06628967379828024
inversionPercent: 3.8027208966848227