averageError: 4.0398157929483823E-5
maxError: 0.00904622858187356
percentOfTop: 0.8181818181818182
euclideanDistance: 0.24834991660485878
inversionPercent: 8.592738934262469