averageError: 3.0500235037201667E-6
maxError: 0.0035612832778733478
percentOfTop: 0.9773584905660377
euclideanDistance: 0.04286190239229519
inversionPercent: 10.333588220216846