averageError: 1.5826536744470786E-5
maxError: 0.0010450048666244272
percentOfTop: 0.9393939393939394
euclideanDistance: 0.07528331534364645
inversionPercent: 3.9357937957416396