averageError: 1.168251200600832E-5
maxError: 0.005494298905888456
percentOfTop: 0.7773584905660378
euclideanDistance: 0.10507872259929596
inversionPercent: 4.633506261207479