averageError: 7.989199275938735E-6
maxError: 0.0012176859573968246
percentOfTop: 0.9090909090909091
euclideanDistance: 0.03961909643921639
inversionPercent: 2.0156487360527673