averageError: 1.6133012937441896E-6
maxError: 0.002367573993263969
percentOfTop: 0.9962264150943396
euclideanDistance: 0.028049676633326064
inversionPercent: 1.8041462883782924