averageError: 1.3052701138070716E-5
maxError: 0.018814838467335115
percentOfTop: 0.9496124031007752
euclideanDistance: 0.09994342220428684
inversionPercent: 4.8651485259508