averageError: 1.4181650287543272E-5
maxError: 0.005220046319355886
percentOfTop: 0.8031914893617021
euclideanDistance: 0.2759642989245659
inversionPercent: 1.9787699272659496