averageError: 7.749292512701142E-6
maxError: 0.001262360209242488
percentOfTop: 0.9148936170212766
euclideanDistance: 0.1280074592023157
inversionPercent: 1.4725151413058188