averageError: 1.2923703775857712E-5
maxError: 0.003590500055818575
percentOfTop: 0.8404255319148937
euclideanDistance: 0.23160516228788275
inversionPercent: 2.217972437387634