averageError: 3.155093000377237E-5
maxError: 0.0631143734524553
percentOfTop: 0.8591731266149871
euclideanDistance: 0.31618992709027766
inversionPercent: 7.7046495760850044