averageError: 4.047168011027721E-5
maxError: 0.009901387869609372
percentOfTop: 0.7878787878787878
euclideanDistance: 0.2421803423595792
inversionPercent: 8.557488570824095