averageError: 2.7429173587076358E-5
maxError: 0.003223590487703114
percentOfTop: 0.6382978723404256
euclideanDistance: 0.42733446323599955
inversionPercent: 2.326155555270249