averageError: 3.107788775342233E-5
maxError: 0.039413091392860505
percentOfTop: 0.8475452196382429
euclideanDistance: 0.22847773822021808
inversionPercent: 7.067762861699358