averageError: 2.8656597892167407E-5
maxError: 0.029629509912279695
percentOfTop: 0.8798449612403101
euclideanDistance: 0.2010874882974941
inversionPercent: 8.41685385826484