averageError: 9.770480999693883E-6
maxError: 0.009055230002696923
percentOfTop: 0.9560723514211886
euclideanDistance: 0.06376263374058257
inversionPercent: 2.182653110099112