averageError: 6.976864184112388E-6
maxError: 0.0075235234322982986
percentOfTop: 0.9638242894056848
euclideanDistance: 0.04885724621498145
inversionPercent: 2.2054015730497465