averageError: 4.116786749431825E-6
maxError: 0.010255046611727499
percentOfTop: 0.9773584905660377
euclideanDistance: 0.08067399046670265
inversionPercent: 9.26410054855966