averageError: 5.350694612101769E-5
maxError: 0.019540008935054073
percentOfTop: 0.6666666666666666
euclideanDistance: 0.47297438657096713
inversionPercent: 10.614872144997111