averageError: 1.1287152948048919E-5
maxError: 0.02665612054758657
percentOfTop: 0.9534883720930233
euclideanDistance: 0.10413695941554181
inversionPercent: 3.5028272674307956