averageError: 9.684179769745875E-6
maxError: 0.0068194865331865084
percentOfTop: 0.958656330749354
euclideanDistance: 0.06414919351659833
inversionPercent: 2.640873137801913