averageError: 4.1856833872985E-5
maxError: 0.06349193504537187
percentOfTop: 0.813953488372093
euclideanDistance: 0.2255189858549176
inversionPercent: 9.288568949669154