averageError: 0.0011792901552575145
maxError: 1.6480380475823928
percentOfTop: 0.774260973424903
euclideanDistance: 0.4065867507443148
inversionPercent: 5.533695077201586