averageError: 2.548222307536823E-5
maxError: 0.025367194536947208
percentOfTop: 0.8824289405684754
euclideanDistance: 0.20860544041707219
inversionPercent: 6.6618477894458765