averageError: 3.2879462514672734E-6
maxError: 0.0035329795016493665
percentOfTop: 0.9660377358490566
euclideanDistance: 0.04307183991447604
inversionPercent: 10.493782450727755