averageError: 5.6638774936835874E-6
maxError: 0.00527795074519255
percentOfTop: 0.9767441860465116
euclideanDistance: 0.030690285019189373
inversionPercent: 1.959514780822909