averageError: 3.850514552669994E-5
maxError: 0.009247536492404838
percentOfTop: 0.7727272727272727
euclideanDistance: 0.24902695685619897
inversionPercent: 8.327986303086197