averageError: 2.3762594804002137E-4
maxError: 0.2987884181665219
percentOfTop: 0.955509107196178
euclideanDistance: 0.06140206408553351
inversionPercent: 2.0612486376545083