averageError: 2.983436294153985E-5
maxError: 0.06848466624270844
percentOfTop: 0.8578811369509044
euclideanDistance: 0.259654190981021
inversionPercent: 7.791993995467191