averageError: 1.228161711794039E-6
maxError: 0.0015449121513991942
percentOfTop: 0.9773584905660377
euclideanDistance: 0.017287006798919532
inversionPercent: 1.9368101673400517