averageError: 1.514505261561313E-6
maxError: 0.0020246109939410922
percentOfTop: 0.9811320754716981
euclideanDistance: 0.02307479053073062
inversionPercent: 3.0611853360073273