averageError: 2.975208801219587E-6
maxError: 4.04320080426034E-4
percentOfTop: 0.9521276595744681
euclideanDistance: 0.04422819086724099
inversionPercent: 0.5539303473539566