averageError: 6.745110844722611E-5
maxError: 0.09370353052895912
percentOfTop: 0.7777777777777778
euclideanDistance: 0.6224707885463712
inversionPercent: 6.059387253880039