averageError: 1.7351413157222095E-5
maxError: 0.006257680635197896
percentOfTop: 0.7819148936170213
euclideanDistance: 0.3303467343328369
inversionPercent: 3.162435769218112