averageError: 1.7080449943735003E-5
maxError: 0.022936040241213405
percentOfTop: 0.9354005167958657
euclideanDistance: 0.14932174992694758
inversionPercent: 4.100239421481813