averageError: 1.1546225420717963E-5
maxError: 9.750056229772676E-4
percentOfTop: 0.9696969696969697
euclideanDistance: 0.054717975143189435
inversionPercent: 2.886142020363287