averageError: 5.432814853574889E-6
maxError: 0.0072165264787099614
percentOfTop: 0.9767441860465116
euclideanDistance: 0.03848753498853446
inversionPercent: 1.0343405842564848