averageError: 0.0015360032303221424
maxError: 3.4740624586424356
percentOfTop: 0.712750074649149
euclideanDistance: 0.5375954360657457
inversionPercent: 6.604883618011848