averageError: 1.0814914505949241E-5
maxError: 0.005056115848637607
percentOfTop: 0.8936170212765957
euclideanDistance: 0.22956123490104816
inversionPercent: 2.3721692234564467