averageError: 6.014513067204055E-6
maxError: 0.0017351929545450142
percentOfTop: 0.9207547169811321
euclideanDistance: 0.04017467229890884
inversionPercent: 1.5692614265547333