averageError: 1.3636676801546321E-5
maxError: 0.0027354368125915825
percentOfTop: 0.8404255319148937
euclideanDistance: 0.2136037858646881
inversionPercent: 2.4174359478375766