averageError: 7.751489770785425E-6
maxError: 0.0064998990413381655
percentOfTop: 0.8830188679245283
euclideanDistance: 0.06330962962772413
inversionPercent: 2.365708390429636