averageError: 6.643218875442663E-4
maxError: 0.7104215929552091
percentOfTop: 0.8733950432965064
euclideanDistance: 0.16342225875853197
inversionPercent: 4.214202358820196