averageError: 2.2158527980473656E-5
maxError: 0.0020867762279035704
percentOfTop: 0.6861702127659575
euclideanDistance: 0.32273037869285043
inversionPercent: 1.955773593522694