averageError: 5.7096510115585505E-5
maxError: 0.01954709677558719
percentOfTop: 0.6666666666666666
euclideanDistance: 0.47091390830123436
inversionPercent: 10.632432528254096