averageError: 1.286075262468186E-5
maxError: 0.012205035088788535
percentOfTop: 0.9470284237726099
euclideanDistance: 0.09580247557572115
inversionPercent: 5.422685450754298