averageError: 6.815241841484867E-6
maxError: 0.0065373595208242236
percentOfTop: 0.9677002583979328
euclideanDistance: 0.040359655638437145
inversionPercent: 2.733801489564635