averageError: 8.538474936398835E-6
maxError: 7.869423478105138E-4
percentOfTop: 0.9393939393939394
euclideanDistance: 0.04442135473041209
inversionPercent: 2.0835714098261593