averageError: 3.600239305510314E-5
maxError: 0.009700640347195458
percentOfTop: 0.803030303030303
euclideanDistance: 0.27455077027633146
inversionPercent: 8.250510484599465