averageError: 0.001434373705565185
maxError: 4.119376997059463
percentOfTop: 0.7243953418931024
euclideanDistance: 0.4633987312562297
inversionPercent: 6.50884360847613