averageError: 2.742070892273129E-5
maxError: 0.021525254138342866
percentOfTop: 0.6382978723404256
euclideanDistance: 0.6223178006732175
inversionPercent: 6.296654544268186