averageError: 2.2958688293103023E-6
maxError: 0.002612031905476965
percentOfTop: 0.9886792452830189
euclideanDistance: 0.03330249471365538
inversionPercent: 6.377370838586407