averageError: 1.595294636673817E-5
maxError: 0.02879127866387697
percentOfTop: 0.9366925064599483
euclideanDistance: 0.1159342261966899
inversionPercent: 4.569384085290417