averageError: 1.3060872175794962E-5
maxError: 0.0017911438994410098
percentOfTop: 0.9545454545454546
euclideanDistance: 0.07272878398784406
inversionPercent: 3.09321476325581