averageError: 7.550333079902833E-4
maxError: 1.209152901338458
percentOfTop: 0.85249328157659
euclideanDistance: 0.21284682915540487
inversionPercent: 4.103508620634814