averageError: 0.001162544329534157
maxError: 1.6924545469843768
percentOfTop: 0.7826216781128695
euclideanDistance: 0.31623657923323617
inversionPercent: 7.019893199758761