averageError: 9.237000409631686E-6
maxError: 0.007492213007155288
percentOfTop: 0.962532299741602
euclideanDistance: 0.05643944735393606
inversionPercent: 4.320448847302708