averageError: 7.18030737792171E-6
maxError: 0.006390769276103353
percentOfTop: 0.9689922480620154
euclideanDistance: 0.04721733841681235
inversionPercent: 2.1839341210341345