averageError: 9.124110388399779E-6
maxError: 0.02531782915286119
percentOfTop: 0.9660377358490566
euclideanDistance: 0.24330192825580899
inversionPercent: 10.104860877631253