averageError: 1.4971937968599457E-6
maxError: 0.002462519536869573
percentOfTop: 0.9849056603773585
euclideanDistance: 0.023718994902382343
inversionPercent: 2.2174262873624544