averageError: 5.758052173141416E-6
maxError: 8.738571569744287E-4
percentOfTop: 0.898936170212766
euclideanDistance: 0.08766328166239962
inversionPercent: 0.9892657704725917