averageError: 4.469366901914967E-4
maxError: 0.4961346757085412
percentOfTop: 0.91251119737235
euclideanDistance: 0.12596505687574122
inversionPercent: 2.6540770601130053