averageError: 1.2655226246912266E-5
maxError: 0.0021375019863522295
percentOfTop: 0.8617021276595744
euclideanDistance: 0.18981257177953287
inversionPercent: 2.4139509668625645