averageError: 3.664191263173785E-5
maxError: 0.07910985923883451
percentOfTop: 0.8578811369509044
euclideanDistance: 0.3355294492372047
inversionPercent: 8.34089563461444