averageError: 0.0010762477936151307
maxError: 0.7626235413348534
percentOfTop: 0.7608241266049567
euclideanDistance: 0.2382779301480942
inversionPercent: 3.3825766587096395