averageError: 7.423727894123948E-6
maxError: 0.007293675281004483
percentOfTop: 0.9664082687338501
euclideanDistance: 0.04558153527104363
inversionPercent: 1.0717542512846503