averageError: 8.325520046231663E-4
maxError: 0.25688173575144013
percentOfTop: 0.8229322185727083
euclideanDistance: 0.15715470658017056
inversionPercent: 3.0388578581201395