averageError: 2.528392508992405E-5
maxError: 0.01005575624899224
percentOfTop: 0.6702127659574468
euclideanDistance: 0.49564347927140023
inversionPercent: 6.255705450225316