averageError: 5.446501055415012E-5
maxError: 0.019361842159887503
percentOfTop: 0.7121212121212122
euclideanDistance: 0.46636484134801814
inversionPercent: 10.97029171017999