averageError: 8.438379129508674E-6
maxError: 0.0010296824516056319
percentOfTop: 0.9696969696969697
euclideanDistance: 0.04345526345334849
inversionPercent: 2.157987815204598