averageError: 5.18288703094702E-6
maxError: 0.002959548641133042
percentOfTop: 0.9767441860465116
euclideanDistance: 0.029616290299098486
inversionPercent: 1.0327148155847554