averageError: 1.2098695302357489E-5
maxError: 0.0011287059736911909
percentOfTop: 0.9242424242424242
euclideanDistance: 0.055681779929637916
inversionPercent: 2.9566103480089354