averageError: 3.9290447382420184E-5
maxError: 0.018099323802059322
percentOfTop: 0.7209302325581395
euclideanDistance: 0.2206238513243802
inversionPercent: 2.3004090652810336