averageError: 7.80789308606052E-4
maxError: 0.8264447667722061
percentOfTop: 0.8539862645565841
euclideanDistance: 0.22920488317587814
inversionPercent: 4.016939616109367