averageError: 4.543395261358119E-5
maxError: 0.00393449692753579
percentOfTop: 0.7424242424242424
euclideanDistance: 0.2190019258640636
inversionPercent: 8.404143010020944