averageError: 4.025478259828097E-6
maxError: 0.008449879838124633
percentOfTop: 0.969811320754717
euclideanDistance: 0.07451886309025092
inversionPercent: 4.798101695514968