averageError: 2.8258823954322617E-5
maxError: 0.015972505279435962
percentOfTop: 0.6542553191489362
euclideanDistance: 0.5246286845024913
inversionPercent: 4.801178827167227