averageError: 9.37188145094253E-6
maxError: 0.006796289452487227
percentOfTop: 0.9599483204134367
euclideanDistance: 0.05945063731005016
inversionPercent: 3.6984220402297656