averageError: 1.3035194657290083E-5
maxError: 0.012161961487813669
percentOfTop: 0.9341085271317829
euclideanDistance: 0.09475617276631504
inversionPercent: 3.6149662381381917