averageError: 2.0014521005769423E-5
maxError: 0.001316723296191048
percentOfTop: 0.8787878787878788
euclideanDistance: 0.08269279576546663
inversionPercent: 4.998974564335639