averageError: 8.564552747161915E-6
maxError: 0.004454470601503627
percentOfTop: 0.9547803617571059
euclideanDistance: 0.05033219635771968
inversionPercent: 3.1013558136053327