averageError: 3.5907198664669287E-4
maxError: 0.5104568968169252
percentOfTop: 0.9256494475962974
euclideanDistance: 0.10676045405174775
inversionPercent: 2.4008429553747113