averageError: 0.0010913323578727872
maxError: 0.6025486864703932
percentOfTop: 0.7608241266049567
euclideanDistance: 0.25558276924869155
inversionPercent: 3.359532335942351