averageError: 9.16440485812363E-6
maxError: 0.008213984687929068
percentOfTop: 0.962532299741602
euclideanDistance: 0.05949534675812387
inversionPercent: 1.4716262711705013