averageError: 4.562978071803567E-6
maxError: 0.00559785088572151
percentOfTop: 0.9886792452830189
euclideanDistance: 0.08421183617479557
inversionPercent: 9.658077342510689