averageError: 9.041022985717161E-6
maxError: 0.019028841334373763
percentOfTop: 0.969811320754717
euclideanDistance: 0.2405563175713255
inversionPercent: 12.580067474757247