averageError: 3.999132459942878E-6
maxError: 4.299314045055026E-4
percentOfTop: 0.9627659574468085
euclideanDistance: 0.05861724193603989
inversionPercent: 0.8148805009672638