averageError: 1.2230991902946652E-5
maxError: 0.013071537013580374
percentOfTop: 0.9457364341085271
euclideanDistance: 0.09054405342912049
inversionPercent: 2.0186499899279675