averageError: 1.8049154173516838E-5
maxError: 0.0015120430798649777
percentOfTop: 0.7925531914893617
euclideanDistance: 0.22862629788623223
inversionPercent: 1.7710321411395045