averageError: 3.566824290411014E-5
maxError: 0.0037367285016596495
percentOfTop: 0.7878787878787878
euclideanDistance: 0.14433590159439727
inversionPercent: 7.145335684036404