averageError: 2.1192171624362216E-5
maxError: 0.006727522635657906
percentOfTop: 0.723404255319149
euclideanDistance: 0.41494817288151137
inversionPercent: 3.5072354732285747