averageError: 1.8111830180845397E-5
maxError: 0.0012527992409417342
percentOfTop: 0.9090909090909091
euclideanDistance: 0.08526743086609036
inversionPercent: 4.00521609106887