averageError: 5.0442896317434996E-5
maxError: 0.012861416184170553
percentOfTop: 0.696969696969697
euclideanDistance: 0.3540133904697439
inversionPercent: 10.734226283913259