averageError: 0.0012421398098155744
maxError: 1.0032639157956984
percentOfTop: 0.863242759032547
euclideanDistance: 0.14212311695813304
inversionPercent: 3.3458236538023125