averageError: 1.1259725160866676E-5
maxError: 8.472847799027884E-4
percentOfTop: 0.9393939393939394
euclideanDistance: 0.05134352338366919
inversionPercent: 2.8946074766039365