averageError: 2.692124230888302E-5
maxError: 0.011143654729749375
percentOfTop: 0.8927648578811369
euclideanDistance: 0.1088147526633721
inversionPercent: 1.5432473850112303