averageError: 1.6417126769460356E-5
maxError: 0.0012133338640345698
percentOfTop: 0.9242424242424242
euclideanDistance: 0.07800420209090779
inversionPercent: 3.918066787867562