averageError: 2.6472114915972574E-6
maxError: 0.004384474329177872
percentOfTop: 0.9886792452830189
euclideanDistance: 0.05062230693151269
inversionPercent: 4.606149115746538