averageError: 1.1641933022912114E-5
maxError: 0.0012235830808492547
percentOfTop: 0.9545454545454546
euclideanDistance: 0.06033725050585205
inversionPercent: 2.8545620269625473