averageError: 8.614108269061428E-6
maxError: 0.02427382730828157
percentOfTop: 0.9584905660377359
euclideanDistance: 0.227910400358523
inversionPercent: 14.363332585008841