averageError: 9.37163624953444E-6
maxError: 0.00830263904850731
percentOfTop: 0.9612403100775194
euclideanDistance: 0.05915862124572185
inversionPercent: 3.7514359614241894