averageError: 7.356110609539045E-6
maxError: 9.181937642272079E-4
percentOfTop: 0.9042553191489362
euclideanDistance: 0.11148555139629646
inversionPercent: 1.6987948424960577