averageError: 1.2034734588375828E-5
maxError: 0.0011181482204134507
percentOfTop: 0.9393939393939394
euclideanDistance: 0.06730716385560784
inversionPercent: 2.9436552840299424