averageError: 4.5001783072670307E-4
maxError: 0.5853286352623952
percentOfTop: 0.9077336518363691
euclideanDistance: 0.12495003993332644
inversionPercent: 3.002990805555069