averageError: 1.4876026640186908E-5
maxError: 0.013800104117628192
percentOfTop: 0.9250645994832042
euclideanDistance: 0.09990029380923277
inversionPercent: 4.556332986405543