averageError: 8.723970583821886E-4
maxError: 1.1327622816432754
percentOfTop: 0.8429381905046283
euclideanDistance: 0.22272173621349814
inversionPercent: 5.360902238944487