averageError: 1.40178120837299E-5
maxError: 0.0011466245125584353
percentOfTop: 0.851063829787234
euclideanDistance: 0.16697285546229934
inversionPercent: 1.4835564010626445