averageError: 7.928350845961451E-4
maxError: 1.5310270524604443
percentOfTop: 0.8518960883845924
euclideanDistance: 0.25719399817679334
inversionPercent: 4.019489039298602