averageError: 1.061151595239606E-5
maxError: 0.0025051483450238806
percentOfTop: 0.8723404255319149
euclideanDistance: 0.1881998958107648
inversionPercent: 1.639764146023064