averageError: 3.1433984532528734E-5
maxError: 0.05899851143100335
percentOfTop: 0.8604651162790697
euclideanDistance: 0.3635014760941117
inversionPercent: 8.418238470303372