averageError: 1.0490696865017053E-5
maxError: 9.499952055904877E-4
percentOfTop: 0.9848484848484849
euclideanDistance: 0.044118451446716576
inversionPercent: 2.1509294112860684