averageError: 7.878372996975027E-6
maxError: 0.0014624432900005792
percentOfTop: 0.8829787234042553
euclideanDistance: 0.12610674077024756
inversionPercent: 2.05584135994265