averageError: 1.902090215191251E-5
maxError: 0.03511184982451116
percentOfTop: 0.9121447028423773
euclideanDistance: 0.168125594636128
inversionPercent: 6.564986238498323