averageError: 1.864493041007472E-5
maxError: 0.029878324611117068
percentOfTop: 0.9211886304909561
euclideanDistance: 0.175337347104114
inversionPercent: 5.609946784725048