averageError: 6.872414207474643E-5
maxError: 0.006910561065123052
percentOfTop: 0.6363636363636364
euclideanDistance: 0.3515458109222793
inversionPercent: 13.763836728055342