averageError: 2.699207378942121E-5
maxError: 0.010864536680226255
percentOfTop: 0.648936170212766
euclideanDistance: 0.6048256474067265
inversionPercent: 6.274306394282824