averageError: 3.4521647773609696E-4
maxError: 0.3403407809220482
percentOfTop: 0.9337115556882651
euclideanDistance: 0.09875914012099264
inversionPercent: 2.4865405813367736