averageError: 2.4513358438158397E-5
maxError: 0.030492659935447586
percentOfTop: 0.8901808785529716
euclideanDistance: 0.20962659144931933
inversionPercent: 6.109989508483347