averageError: 1.4173171499608113E-6
maxError: 0.0014601146024155673
percentOfTop: 0.9849056603773585
euclideanDistance: 0.01803955950031128
inversionPercent: 4.154324056463758