averageError: 6.403185122246855E-5
maxError: 0.007181329433433043
percentOfTop: 0.5909090909090909
euclideanDistance: 0.3266721169100545
inversionPercent: 13.6954373227386