averageError: 1.0485848592014785E-5
maxError: 0.002569129785400085
percentOfTop: 0.8776595744680851
euclideanDistance: 0.19918059114609915
inversionPercent: 1.7029728465607261