averageError: 8.246573627889207E-4
maxError: 1.4688837927053453
percentOfTop: 0.8426395939086294
euclideanDistance: 0.25040002446352033
inversionPercent: 4.072620817071094