averageError: 3.183926722961844E-6
maxError: 4.5190744209849636E-4
percentOfTop: 0.9521276595744681
euclideanDistance: 0.04947798907968429
inversionPercent: 0.5925483637316191