averageError: 4.307613951407031E-4
maxError: 0.4286628180746188
percentOfTop: 0.9190803224843237
euclideanDistance: 0.10915319811684218
inversionPercent: 2.709475667815108