averageError: 4.6694395755436365E-4
maxError: 0.8774897691477404
percentOfTop: 0.9086294416243654
euclideanDistance: 0.14630034757899732
inversionPercent: 3.0255397125878223