averageError: 2.805248377513557E-5
maxError: 0.002969651328502994
percentOfTop: 0.8333333333333334
euclideanDistance: 0.1484982260201474
inversionPercent: 6.505798004401759