averageError: 6.758731538735001E-5
maxError: 0.0038853873860911214
percentOfTop: 0.6515151515151515
euclideanDistance: 0.2958013994473715
inversionPercent: 14.039970746271392