averageError: 2.474750359875552E-5
maxError: 0.06635031045681897
percentOfTop: 0.8824289405684754
euclideanDistance: 0.23488327068034837
inversionPercent: 4.542115105157192