averageError: 3.0874839155569147E-6
maxError: 0.003930728998247493
percentOfTop: 0.9735849056603774
euclideanDistance: 0.05208976459133832
inversionPercent: 7.062974181092957