averageError: 4.6166441312980305E-5
maxError: 0.04035842541749071
percentOfTop: 0.7493540051679587
euclideanDistance: 0.30948832736019555
inversionPercent: 3.073646027486536