averageError: 2.1011435428376687E-5
maxError: 0.021774691610011027
percentOfTop: 0.91343669250646
euclideanDistance: 0.1469262576379938
inversionPercent: 5.674778283278382