averageError: 2.114226171370855E-5
maxError: 0.0022610761308990215
percentOfTop: 0.8484848484848485
euclideanDistance: 0.11385609930991258
inversionPercent: 5.029869545421662