averageError: 2.0377258702001334E-5
maxError: 0.004800379783242024
percentOfTop: 0.7393617021276596
euclideanDistance: 0.3300711696997745
inversionPercent: 2.680395357583057