averageError: 1.2542948654370383E-5
maxError: 0.002608832162792069
percentOfTop: 0.8670212765957447
euclideanDistance: 0.21537913715828194
inversionPercent: 3.856292643410628