averageError: 3.046162257894984E-5
maxError: 0.05826566985842993
percentOfTop: 0.8682170542635659
euclideanDistance: 0.24635662451430781
inversionPercent: 7.344599180230535