averageError: 4.310460479576228E-6
maxError: 5.277471299392732E-4
percentOfTop: 0.9414893617021277
euclideanDistance: 0.06132500834980675
inversionPercent: 1.11711746257786