averageError: 4.733974107180933E-5
maxError: 0.003165649238329446
percentOfTop: 0.7424242424242424
euclideanDistance: 0.1970744882205393
inversionPercent: 10.840074571921688