averageError: 1.4362962260733188E-5
maxError: 0.0025045233400589066
percentOfTop: 0.824468085106383
euclideanDistance: 0.22267151526266213
inversionPercent: 3.858444363748783