averageError: 8.306490776396654E-6
maxError: 0.0012396997475000431
percentOfTop: 0.8829787234042553
euclideanDistance: 0.12642227890158003
inversionPercent: 1.2821148517368197