averageError: 5.606818647113256E-6
maxError: 6.205984730658243E-4
percentOfTop: 0.9468085106382979
euclideanDistance: 0.07168127960846486
inversionPercent: 0.9810056844580394