averageError: 1.5073555770364318E-5
maxError: 0.0011314530076365036
percentOfTop: 0.9545454545454546
euclideanDistance: 0.07083785522685075
inversionPercent: 3.7655682355346345