averageError: 6.035571252563778E-4
maxError: 1.4468132685751156
percentOfTop: 0.880262765004479
euclideanDistance: 0.18533620045108648
inversionPercent: 3.445171618631783