averageError: 2.8213555913907026E-5
maxError: 0.004708820459606855
percentOfTop: 0.8181818181818182
euclideanDistance: 0.1708286473194186
inversionPercent: 6.568948734280067