averageError: 4.0539378439540534E-5
maxError: 0.009137689756384569
percentOfTop: 0.7272727272727273
euclideanDistance: 0.256171920127937
inversionPercent: 8.805495427982503