averageError: 8.417765414339002E-6
maxError: 0.0010733851798332239
percentOfTop: 0.9696969696969697
euclideanDistance: 0.042608730289336476
inversionPercent: 2.15809889828266