averageError: 5.0772962100393814E-5
maxError: 0.0028869745764484476
percentOfTop: 0.696969696969697
euclideanDistance: 0.22991667674664937
inversionPercent: 11.299037451243207