averageError: 2.2976940584182604E-5
maxError: 0.003433020087786491
percentOfTop: 0.7021276595744681
euclideanDistance: 0.3735279459080387
inversionPercent: 5.498469031965255