averageError: 6.412353884114754E-4
maxError: 0.48852097286517204
percentOfTop: 0.873992236488504
euclideanDistance: 0.17201207919845518
inversionPercent: 3.7636675225182787