averageError: 2.1430519307554197E-5
maxError: 0.0014739292387849906
percentOfTop: 0.9090909090909091
euclideanDistance: 0.09991965299218597
inversionPercent: 5.046078417895558