averageError: 5.679979533870209E-6
maxError: 5.898625276143069E-4
percentOfTop: 0.9521276595744681
euclideanDistance: 0.07041336723763322
inversionPercent: 0.9063056280864856