averageError: 3.907877455905947E-6
maxError: 4.185621537594166E-4
percentOfTop: 0.973404255319149
euclideanDistance: 0.05161946285181064
inversionPercent: 0.7597996387947764