averageError: 0.0012376417406345964
maxError: 0.6573771226051157
percentOfTop: 0.7984472977008062
euclideanDistance: 0.19413685726611066
inversionPercent: 3.277707860711278