averageError: 9.588275480086304E-6
maxError: 0.0020022104900872385
percentOfTop: 0.8829787234042553
euclideanDistance: 0.15133463310934298
inversionPercent: 1.9468914327282374