averageError: 3.248568517876685E-5
maxError: 0.020394343062215547
percentOfTop: 0.813953488372093
euclideanDistance: 0.1508849572323094
inversionPercent: 1.8629589533898367