averageError: 2.3578351576935254E-4
maxError: 0.14897263004343708
percentOfTop: 0.9537175276201851
euclideanDistance: 0.05893169156264436
inversionPercent: 1.9110788238430858