averageError: 2.7888487444798712E-5
maxError: 0.015557824436817136
percentOfTop: 0.8837209302325582
euclideanDistance: 0.1131009531164968
inversionPercent: 1.5455865308298904