averageError: 6.927988469983044E-5
maxError: 0.10246297889542164
percentOfTop: 0.7803617571059431
euclideanDistance: 0.755645645019328
inversionPercent: 6.0530771780230435