averageError: 2.7884221229655464E-5
maxError: 0.005049800674039912
percentOfTop: 0.8787878787878788
euclideanDistance: 0.1890113189869387
inversionPercent: 6.370434016859912