averageError: 3.036459066372305E-6
maxError: 3.203463255379449E-4
percentOfTop: 0.9574468085106383
euclideanDistance: 0.04182738469775835
inversionPercent: 0.8221041740729608