averageError: 1.169976871174947E-5
maxError: 0.0013163458861525324
percentOfTop: 0.851063829787234
euclideanDistance: 0.15584555052016086
inversionPercent: 1.9102094538270842