averageError: 6.447835387214074E-5
maxError: 0.005380190247745496
percentOfTop: 0.5303030303030303
euclideanDistance: 0.3099684158481951
inversionPercent: 13.136883835472817