averageError: 2.49576669839247E-5
maxError: 0.013515595334800058
percentOfTop: 0.6702127659574468
euclideanDistance: 0.5045428520945432
inversionPercent: 3.3430866258542475