averageError: 5.677803618358475E-6
maxError: 0.00988066275964182
percentOfTop: 0.9660377358490566
euclideanDistance: 0.09755908572652698
inversionPercent: 14.711305899001305