averageError: 4.6153884028242066E-5
maxError: 0.005120884983006988
percentOfTop: 0.7272727272727273
euclideanDistance: 0.255785519451247
inversionPercent: 10.335160325975144