averageError: 0.0012228427836141551
maxError: 4.632537662903506
percentOfTop: 0.7882950134368468
euclideanDistance: 0.6128834235018633
inversionPercent: 6.0019169857881325