averageError: 2.134917720915683E-5
maxError: 0.002519999498034151
percentOfTop: 0.8939393939393939
euclideanDistance: 0.11115661576420495
inversionPercent: 5.009425630596649