averageError: 1.5981459404287237E-5
maxError: 0.01614575924414499
percentOfTop: 0.9289405684754521
euclideanDistance: 0.12080678044417704
inversionPercent: 5.16827559626011