averageError: 7.021889272508309E-5
maxError: 0.006358924230111572
percentOfTop: 0.5909090909090909
euclideanDistance: 0.4189924810278127
inversionPercent: 11.569015615549983