averageError: 2.407800589164402E-5
maxError: 0.051910850797262015
percentOfTop: 0.896640826873385
euclideanDistance: 0.17422199293071558
inversionPercent: 7.566857601940845