averageError: 5.74383111522708E-6
maxError: 0.009967579925341294
percentOfTop: 0.969811320754717
euclideanDistance: 0.10082291748941165
inversionPercent: 7.959892090038917