averageError: 0.001400235915532588
maxError: 4.184478867579301
percentOfTop: 0.7491788593610033
euclideanDistance: 0.4613427080491459
inversionPercent: 7.142168957766879