averageError: 4.207846259320359E-6
maxError: 0.008890808487738239
percentOfTop: 0.9811320754716981
euclideanDistance: 0.08691404550249705
inversionPercent: 6.365229576894194