averageError: 4.456101810292823E-6
maxError: 0.0012899663117657278
percentOfTop: 0.9547169811320755
euclideanDistance: 0.027141959176818834
inversionPercent: 1.115827005925175