averageError: 3.614185086671545E-5
maxError: 0.0018252901465284736
percentOfTop: 0.7424242424242424
euclideanDistance: 0.15364458658357583
inversionPercent: 8.609188486738832