averageError: 4.280407821788598E-6
maxError: 6.252017213142654E-4
percentOfTop: 0.9414893617021277
euclideanDistance: 0.06908772645710995
inversionPercent: 0.8473867461496608