averageError: 5.1329775506931736E-6
maxError: 0.006812915107523777
percentOfTop: 0.9849056603773585
euclideanDistance: 0.09807914268899479
inversionPercent: 11.164617905443315