averageError: 2.1968747549981302E-5
maxError: 0.0013457722034685114
percentOfTop: 0.8939393939393939
euclideanDistance: 0.09826002189514803
inversionPercent: 5.197808645605223