averageError: 0.0016860114598262431
maxError: 1.1811504739045424
percentOfTop: 0.6613914601373544
euclideanDistance: 0.5116826215288268
inversionPercent: 3.6921859605894545