averageError: 1.349002253792492E-5
maxError: 0.001234659742578392
percentOfTop: 0.9393939393939394
euclideanDistance: 0.058948660336076236
inversionPercent: 2.96432136501108