averageError: 6.331649640030076E-4
maxError: 0.6050451613433272
percentOfTop: 0.8790683786204837
euclideanDistance: 0.17430620205666922
inversionPercent: 4.139454420833094