averageError: 1.961338086703967E-5
maxError: 0.0032784905218827746
percentOfTop: 0.7287234042553191
euclideanDistance: 0.31805370706292097
inversionPercent: 3.467468094232932