averageError: 5.264159254644166E-6
maxError: 0.007344443292761033
percentOfTop: 0.969811320754717
euclideanDistance: 0.09174187126962456
inversionPercent: 13.151211554472566