averageError: 3.823043492755252E-5
maxError: 0.08151655131559694
percentOfTop: 0.8449612403100775
euclideanDistance: 0.37565649304314247
inversionPercent: 8.883809831792847