averageError: 2.229703522316139E-5
maxError: 0.038661692461193664
percentOfTop: 0.8888888888888888
euclideanDistance: 0.1773008344340642
inversionPercent: 3.6082020552507226