averageError: 1.125814721140671E-5
maxError: 0.0019323106924771004
percentOfTop: 0.8936170212765957
euclideanDistance: 0.16901680830110719
inversionPercent: 1.597226945014708