averageError: 3.444240372858441E-6
maxError: 0.008693449093996018
percentOfTop: 0.9811320754716981
euclideanDistance: 0.06699857166341569
inversionPercent: 7.8367134558516724