averageError: 2.2511334050850693E-5
maxError: 0.004744003432379487
percentOfTop: 0.7074468085106383
euclideanDistance: 0.3867110172037668
inversionPercent: 4.473964655005103