averageError: 3.912122304697304E-5
maxError: 0.017242025974132713
percentOfTop: 0.7183462532299741
euclideanDistance: 0.22169003070427337
inversionPercent: 2.2888767919933004