averageError: 8.039377603521995E-6
maxError: 8.398420394164531E-4
percentOfTop: 0.9545454545454546
euclideanDistance: 0.04089207542626491
inversionPercent: 2.04071185554053