averageError: 8.149378688757138E-6
maxError: 0.009272518104491118
percentOfTop: 0.9715762273901809
euclideanDistance: 0.04098075447238101
inversionPercent: 1.8312140713879512