averageError: 1.1016510496936526E-6
maxError: 0.0011237538967797875
percentOfTop: 0.9773584905660377
euclideanDistance: 0.013971228828465574
inversionPercent: 1.9203618666109097