averageError: 8.234118311251639E-6
maxError: 8.459715967936605E-4
percentOfTop: 0.9696969696969697
euclideanDistance: 0.044062939637179714
inversionPercent: 2.0403230647673127