averageError: 6.0488506631899294E-6
maxError: 0.012401061664507398
percentOfTop: 0.9660377358490566
euclideanDistance: 0.1081979190677889
inversionPercent: 16.358964053530382