averageError: 2.3005957775085764E-5
maxError: 0.03763994789853656
percentOfTop: 0.9069767441860465
euclideanDistance: 0.23211941222554824
inversionPercent: 7.181540100050326