averageError: 2.890748606653582E-6
maxError: 4.266460353855176E-4
percentOfTop: 0.973404255319149
euclideanDistance: 0.04261001283763357
inversionPercent: 0.5625071466232413