averageError: 5.94506953970181E-4
maxError: 0.9357949348412821
percentOfTop: 0.8814571513884741
euclideanDistance: 0.19665691006685532
inversionPercent: 3.256817023790903