averageError: 5.627097697616038E-6
maxError: 8.391322330251533E-4
percentOfTop: 0.9042553191489362
euclideanDistance: 0.08996447902407498
inversionPercent: 1.0978864975297558