averageError: 4.338290670906242E-6
maxError: 5.970229512916978E-4
percentOfTop: 0.9414893617021277
euclideanDistance: 0.0647664080262576
inversionPercent: 0.7478008606495394