averageError: 3.0095256445072554E-6
maxError: 0.006862759487832951
percentOfTop: 0.9849056603773585
euclideanDistance: 0.06614820852591688
inversionPercent: 6.728202766403697