averageError: 2.586557816371572E-4
maxError: 0.43089889944111404
percentOfTop: 0.9531203344281876
euclideanDistance: 0.08526279053024823
inversionPercent: 2.2403095492263767