averageError: 3.2788025277916306E-4
maxError: 0.2915857905974439
percentOfTop: 0.9352045386682591
euclideanDistance: 0.08437209636625516
inversionPercent: 2.273791874253566