averageError: 1.5995009388653434E-5
maxError: 0.0021837187754228096
percentOfTop: 0.9393939393939394
euclideanDistance: 0.08816441238391014
inversionPercent: 3.8458211309729196