averageError: 2.6082099316476123E-5
maxError: 0.0428987255561937
percentOfTop: 0.8785529715762274
euclideanDistance: 0.22989327565691328
inversionPercent: 8.368557095831408