averageError: 1.254687235912715E-5
maxError: 0.0013527400078510651
percentOfTop: 0.9848484848484849
euclideanDistance: 0.05676430836933238
inversionPercent: 2.9149588221972316