averageError: 5.669838317919647E-6
maxError: 0.00104108211672347
percentOfTop: 0.9414893617021277
euclideanDistance: 0.08407916306179174
inversionPercent: 1.5090603318657705