averageError: 4.869032310695588E-5
maxError: 0.012505809047816913
percentOfTop: 0.7272727272727273
euclideanDistance: 0.33827232214011227
inversionPercent: 10.809096278527118