averageError: 2.86752689301124E-5
maxError: 0.0032806586450154183
percentOfTop: 0.8636363636363636
euclideanDistance: 0.14242330839978526
inversionPercent: 6.610956651633886