averageError: 1.6220380140843754E-5
maxError: 0.0019849967327888406
percentOfTop: 0.8787878787878788
euclideanDistance: 0.09106658232077032
inversionPercent: 3.8875883683242716