averageError: 0.0015744182520952214
maxError: 8.148124806234524
percentOfTop: 0.703493580173186
euclideanDistance: 0.7497341737174038
inversionPercent: 8.260372753569305