averageError: 1.5483916292962778E-6
maxError: 0.0012165434587368892
percentOfTop: 0.9735849056603774
euclideanDistance: 0.021621246784778798
inversionPercent: 0.918779827311818