averageError: 7.694099951878801E-6
maxError: 4.1247307866476915E-4
percentOfTop: 0.9042553191489362
euclideanDistance: 0.08243558038706497
inversionPercent: 1.006952332714017