averageError: 4.484197612887602E-5
maxError: 0.003580279531674259
percentOfTop: 0.696969696969697
euclideanDistance: 0.19880898362044938
inversionPercent: 10.318844998884773