averageError: 2.1971962860168607E-5
maxError: 0.0030171993568614726
percentOfTop: 0.8939393939393939
euclideanDistance: 0.11141896734567917
inversionPercent: 5.215369028862207