averageError: 4.043915490067163E-6
maxError: 5.503342825410474E-4
percentOfTop: 0.9574468085106383
euclideanDistance: 0.06173950309032885
inversionPercent: 0.8918963101691189