averageError: 2.245143000712649E-5
maxError: 0.004256103940519583
percentOfTop: 0.7446808510638298
euclideanDistance: 0.3587546006506705
inversionPercent: 5.02087225486658