averageError: 1.1950992594194701E-5
maxError: 0.015211064468147314
percentOfTop: 0.9418604651162791
euclideanDistance: 0.08484363183491174
inversionPercent: 3.081209309079161