averageError: 6.582616751336939E-5
maxError: 0.003662591130442004
percentOfTop: 0.6666666666666666
euclideanDistance: 0.3105190658524062
inversionPercent: 14.33440107313659