averageError: 1.6105785247576255E-4
maxError: 0.09064701958253973
percentOfTop: 0.9689459540161243
euclideanDistance: 0.037242918585191
inversionPercent: 1.6150151689816499