averageError: 2.263466184675578E-5
maxError: 0.01970485106337297
percentOfTop: 0.9031007751937985
euclideanDistance: 0.16828625129518168
inversionPercent: 6.130274270353135