averageError: 5.5955260407702135E-6
maxError: 0.0013959891422542716
percentOfTop: 0.9308510638297872
euclideanDistance: 0.09661437414793755
inversionPercent: 1.2405817112080724