averageError: 9.146894487797107E-6
maxError: 0.004978930068020431
percentOfTop: 0.9638242894056848
euclideanDistance: 0.052658630887272954
inversionPercent: 1.4660947408965141