averageError: 1.1580831250731633E-5
maxError: 7.00897385420606E-4
percentOfTop: 0.9545454545454546
euclideanDistance: 0.05372536940143511
inversionPercent: 2.9251136669167423