averageError: 7.3076428552585994E-6
maxError: 0.006768996687476464
percentOfTop: 0.9702842377260982
euclideanDistance: 0.043660134481548526
inversionPercent: 2.763808646863581