averageError: 0.0014627198450079695
maxError: 2.3424907356971985
percentOfTop: 0.7258883248730964
euclideanDistance: 0.47589476263406305
inversionPercent: 6.747307242727962