averageError: 6.268566512144967E-6
maxError: 0.010043858038690685
percentOfTop: 0.9735849056603774
euclideanDistance: 0.10099484240225734
inversionPercent: 12.519382567377917