averageError: 2.9127371304246624E-5
maxError: 0.0034578421939079687
percentOfTop: 0.8181818181818182
euclideanDistance: 0.15804070822432123
inversionPercent: 6.615784137068002