averageError: 1.8390899468130142E-4
maxError: 0.15843455685961239
percentOfTop: 0.9638698118841446
euclideanDistance: 0.04802671056886103
inversionPercent: 1.7854142065380827