averageError: 3.2108705933816176E-5
maxError: 0.004102785949691549
percentOfTop: 0.5797872340425532
euclideanDistance: 0.5497263570593487
inversionPercent: 2.7092769955168503