averageError: 3.404522078697332E-4
maxError: 0.7098575516445851
percentOfTop: 0.9352045386682591
euclideanDistance: 0.10381317348890406
inversionPercent: 2.4959269867289535