averageError: 8.120218434183065E-6
maxError: 0.0016358727393245797
percentOfTop: 0.8936170212765957
euclideanDistance: 0.13295531117794201
inversionPercent: 1.4827884565578902