averageError: 1.5715925141355065E-5
maxError: 0.0050594767872905524
percentOfTop: 0.8031914893617021
euclideanDistance: 0.2963584029178734
inversionPercent: 3.986171754415366