averageError: 2.6429405507454672E-5
maxError: 0.011456183981856684
percentOfTop: 0.7127659574468085
euclideanDistance: 0.5724693077598727
inversionPercent: 7.310827144569032