averageError: 4.6665444038917175E-5
maxError: 0.003008581116588506
percentOfTop: 0.7575757575757576
euclideanDistance: 0.19894719420873974
inversionPercent: 10.473384702777091