averageError: 1.6326889566013495E-5
maxError: 0.025287012252444157
percentOfTop: 0.9263565891472868
euclideanDistance: 0.1440015187815055
inversionPercent: 5.804018587882737