averageError: 8.605320816784283E-6
maxError: 5.506588426585112E-4
percentOfTop: 0.9696969696969697
euclideanDistance: 0.04291239534890327
inversionPercent: 2.1401404673292865