averageError: 1.5509417070211033E-5
maxError: 0.0010928476585046303
percentOfTop: 0.9545454545454546
euclideanDistance: 0.07385828444655702
inversionPercent: 3.773982778697839