averageError: 1.6920730666613528E-5
maxError: 0.0015418939478355452
percentOfTop: 0.9242424242424242
euclideanDistance: 0.07220775437885252
inversionPercent: 3.9135632947444607