averageError: 2.1387304334996105E-5
maxError: 0.0023211693731101614
percentOfTop: 0.8333333333333334
euclideanDistance: 0.12383248449215578
inversionPercent: 5.070447268145433