averageError: 2.278325276264518E-5
maxError: 0.0023003867686850607
percentOfTop: 0.8484848484848485
euclideanDistance: 0.13964519166961975
inversionPercent: 5.107613814680379