averageError: 2.087590791472858E-5
maxError: 0.0160541730216176
percentOfTop: 0.8901808785529716
euclideanDistance: 0.1551432378442883
inversionPercent: 6.777561232162279