averageError: 1.6270644298192413E-5
maxError: 0.0036795885526966256
percentOfTop: 0.8085106382978723
euclideanDistance: 0.25926832403067146
inversionPercent: 3.659905451671527