averageError: 5.757517499345547E-6
maxError: 0.003725145284487849
percentOfTop: 0.9728682170542635
euclideanDistance: 0.03345093959890653
inversionPercent: 2.4663880255946324