averageError: 2.5026624088963145E-4
maxError: 0.3818439531120923
percentOfTop: 0.9504329650641983
euclideanDistance: 0.062168520737016196
inversionPercent: 2.247245770819409