averageError: 5.334977000071581E-6
maxError: 6.706682867908731E-4
percentOfTop: 0.9202127659574468
euclideanDistance: 0.0774387553015177
inversionPercent: 0.9427373013508342