averageError: 3.4449667828645675E-4
maxError: 0.24399205113094896
percentOfTop: 0.9346073454762616
euclideanDistance: 0.08948901510433431
inversionPercent: 2.4716658756023597