averageError: 0.0021114850190412367
maxError: 4.000095681093077
percentOfTop: 0.6330247835174679
euclideanDistance: 0.7018643604863791
inversionPercent: 6.253598785989045