averageError: 0.00163977988854734
maxError: 1.713603337823356
percentOfTop: 0.6751269035532995
euclideanDistance: 0.5370203941775058
inversionPercent: 4.249363286739395