averageError: 2.1838450848307807E-6
maxError: 0.003215051101094095
percentOfTop: 0.9849056603773585
euclideanDistance: 0.03334410592209827
inversionPercent: 3.6374525493432257