averageError: 1.399259529383002E-5
maxError: 0.0013036193181559658
percentOfTop: 0.8617021276595744
euclideanDistance: 0.1643830183273833
inversionPercent: 1.49420886408203