averageError: 9.89397423305055E-6
maxError: 0.002491008948292254
percentOfTop: 0.8776595744680851
euclideanDistance: 0.1620059228130784
inversionPercent: 1.9833355928951024