averageError: 1.4059844559570362E-5
maxError: 0.0026577309930370142
percentOfTop: 0.8138297872340425
euclideanDistance: 0.2355223898257457
inversionPercent: 2.2315854314763457