averageError: 2.577111372341148E-5
maxError: 0.005049501226701503
percentOfTop: 0.675531914893617
euclideanDistance: 0.40068426647629624
inversionPercent: 4.162389193071726