averageError: 2.640741964713839E-5
maxError: 0.007482360611969224
percentOfTop: 0.6542553191489362
euclideanDistance: 0.47835205392276997
inversionPercent: 4.678225973953706