averageError: 8.38556708496977E-4
maxError: 0.38303976577442755
percentOfTop: 0.8208420424007167
euclideanDistance: 0.15895647426863002
inversionPercent: 3.0403085082758055