averageError: 2.7711871941990743E-5
maxError: 0.011013544360355457
percentOfTop: 0.6329787234042553
euclideanDistance: 0.49317931425482414
inversionPercent: 3.527869512050332