averageError: 5.2483724194750126E-5
maxError: 0.0037984905678360437
percentOfTop: 0.6363636363636364
euclideanDistance: 0.2544669596730528
inversionPercent: 11.165427650642423