averageError: 0.0012697136527338945
maxError: 0.895809826801552
percentOfTop: 0.69752164825321
euclideanDistance: 0.3421849934297434
inversionPercent: 3.721668750918324