averageError: 7.384675394890623E-5
maxError: 0.027855119449568942
percentOfTop: 0.5606060606060606
euclideanDistance: 0.6571077788674979
inversionPercent: 14.142588368092849