averageError: 4.159974010150375E-5
maxError: 0.0500200885544512
percentOfTop: 0.810077519379845
euclideanDistance: 0.4100127543176456
inversionPercent: 8.286756672275342