averageError: 1.8693361230301097E-4
maxError: 0.13991868109131797
percentOfTop: 0.9650641982681397
euclideanDistance: 0.0451982794219833
inversionPercent: 1.9098348159954248