averageError: 1.0915912791888095E-5
maxError: 0.0018331702072509675
percentOfTop: 0.8617021276595744
euclideanDistance: 0.1620707737459555
inversionPercent: 1.5894328474986061