averageError: 1.9097565579446345E-5
maxError: 0.021583695538082415
percentOfTop: 0.9069767441860465
euclideanDistance: 0.14705753785225686
inversionPercent: 3.6556504583252662