averageError: 8.393549340035303E-6
maxError: 0.0015986104986069059
percentOfTop: 0.898936170212766
euclideanDistance: 0.1253567688983477
inversionPercent: 1.6859600094687046