averageError: 9.887757619516126E-6
maxError: 0.008412949438489026
percentOfTop: 0.958656330749354
euclideanDistance: 0.062300222728464326
inversionPercent: 3.6917637644058505