averageError: 1.0258061050464418E-5
maxError: 0.003018866106036391
percentOfTop: 0.8563829787234043
euclideanDistance: 0.1806502101714165
inversionPercent: 2.0524392465934285