averageError: 7.339601125096042E-5
maxError: 0.008236403661444205
percentOfTop: 0.5757575757575758
euclideanDistance: 0.41071510158000357
inversionPercent: 11.955209821817652