averageError: 2.755714342495534E-5
maxError: 0.0038926526841284725
percentOfTop: 0.6808510638297872
euclideanDistance: 0.4272232822725566
inversionPercent: 2.321044439035724