averageError: 7.861104810868808E-5
maxError: 0.019271553162850452
percentOfTop: 0.5909090909090909
euclideanDistance: 0.4349084488264472
inversionPercent: 14.013583886770057