averageError: 4.519529493689137E-6
maxError: 0.002256575151314527
percentOfTop: 0.939622641509434
euclideanDistance: 0.03239470035445214
inversionPercent: 1.072758327642429