averageError: 5.8055713964976886E-6
maxError: 9.858977884978455E-4
percentOfTop: 0.925531914893617
euclideanDistance: 0.08837733260606997
inversionPercent: 1.549882286537565