averageError: 5.29350410440171E-5
maxError: 0.0287096649806892
percentOfTop: 0.7842377260981912
euclideanDistance: 0.4067451006821337
inversionPercent: 3.9067708775239383