averageError: 4.406570113363736E-5
maxError: 0.009037291087451538
percentOfTop: 0.7575757575757576
euclideanDistance: 0.3408486022439303
inversionPercent: 8.37490501818268