averageError: 3.535155817051291E-5
maxError: 0.0825847943815287
percentOfTop: 0.851421188630491
euclideanDistance: 0.43308814293927705
inversionPercent: 9.24448444100581