averageError: 6.235332029309874E-6
maxError: 0.008461162333326805
percentOfTop: 0.9509433962264151
euclideanDistance: 0.11100127786458072
inversionPercent: 14.826663436530064