averageError: 1.8402410560041694E-5
maxError: 0.015448916253850697
percentOfTop: 0.9121447028423773
euclideanDistance: 0.1451453083427688
inversionPercent: 5.6899542073764975