averageError: 1.9585681354570356E-5
maxError: 0.05503039461891568
percentOfTop: 0.9082687338501292
euclideanDistance: 0.18016737638306252
inversionPercent: 5.063004209025426