averageError: 1.0591563627937129E-5
maxError: 6.334386625347163E-4
percentOfTop: 0.8882978723404256
euclideanDistance: 0.12116313666982186
inversionPercent: 1.2807350490087652