averageError: 8.133819079492804E-6
maxError: 0.0019258341601529373
percentOfTop: 0.8776595744680851
euclideanDistance: 0.13901524985390926
inversionPercent: 1.3874220089353322