averageError: 8.18267996698913E-6
maxError: 7.718824473719084E-4
percentOfTop: 0.9545454545454546
euclideanDistance: 0.041887480189919515
inversionPercent: 1.9988659343422177