averageError: 9.350618696967636E-6
maxError: 0.023883821843090777
percentOfTop: 0.9622641509433962
euclideanDistance: 0.24826485226446782
inversionPercent: 17.924192660242205