averageError: 9.676665535094573E-6
maxError: 0.009156113425317164
percentOfTop: 0.9599483204134367
euclideanDistance: 0.05936670865307626
inversionPercent: 1.476122258285358