averageError: 1.9997146373096676E-5
maxError: 9.144396564209865E-4
percentOfTop: 0.9242424242424242
euclideanDistance: 0.07712328341237264
inversionPercent: 4.490237209119124