averageError: 4.950259935625466E-5
maxError: 0.01906618652682333
percentOfTop: 0.7272727272727273
euclideanDistance: 0.430730963539354
inversionPercent: 10.822898350976335