averageError: 2.688820812770985E-5
maxError: 0.00378637771771778
percentOfTop: 0.9242424242424242
euclideanDistance: 0.14180400488412082
inversionPercent: 6.448502278429642