averageError: 5.753738149109156E-5
maxError: 0.003590659900186817
percentOfTop: 0.7121212121212122
euclideanDistance: 0.25622430580449584
inversionPercent: 13.129904115401247