averageError: 3.2380130072202526E-5
maxError: 0.009142184433323847
percentOfTop: 0.8281653746770026
euclideanDistance: 0.1503504616065031
inversionPercent: 1.8587449952144979