averageError: 8.97344852028704E-6
maxError: 0.0015976948903008732
percentOfTop: 0.8882978723404256
euclideanDistance: 0.14608379561428508
inversionPercent: 1.3086273837113782