averageError: 4.0999704291149906E-6
maxError: 5.062786677928052E-4
percentOfTop: 0.9574468085106383
euclideanDistance: 0.06166880559141391
inversionPercent: 0.8994503186050204