averageError: 2.9880556651924245E-6
maxError: 3.7762292326230275E-4
percentOfTop: 0.9574468085106383
euclideanDistance: 0.04289686623526243
inversionPercent: 0.6407903764305038