averageError: 7.145101820281167E-5
maxError: 0.022516962069356872
percentOfTop: 0.6515151515151515
euclideanDistance: 0.5596582644725171
inversionPercent: 13.520717526331666