averageError: 1.5394354010086984E-5
maxError: 0.00369549747158566
percentOfTop: 0.776595744680851
euclideanDistance: 0.2747362018027143
inversionPercent: 2.822058699044342