averageError: 7.403569311432875E-6
maxError: 0.003714368392617483
percentOfTop: 0.879245283018868
euclideanDistance: 0.05048988299604686
inversionPercent: 2.180714586399484