averageError: 1.771088441663375E-5
maxError: 0.0012959763400093444
percentOfTop: 0.7872340425531915
euclideanDistance: 0.22984693824953858
inversionPercent: 1.7814700564702004