averageError: 1.4592846359530185E-5
maxError: 0.0021825897777052955
percentOfTop: 0.8351063829787234
euclideanDistance: 0.182969941123215
inversionPercent: 1.4861576498913873