averageError: 7.165913554175932E-6
maxError: 0.005291336014272369
percentOfTop: 0.9612403100775194
euclideanDistance: 0.04411225382850553
inversionPercent: 1.8095800555336672