averageError: 2.3584740384819862E-5
maxError: 0.003479056543347885
percentOfTop: 0.7180851063829787
euclideanDistance: 0.3595337617092161
inversionPercent: 3.473905660066578