averageError: 1.2005503153196392E-5
maxError: 0.013698513742349566
percentOfTop: 0.9457364341085271
euclideanDistance: 0.09166407906908336
inversionPercent: 4.116639643265708