averageError: 7.150001509787947E-6
maxError: 0.001037415969261251
percentOfTop: 0.9148936170212766
euclideanDistance: 0.11163845718531289
inversionPercent: 1.2981156821385404