averageError: 5.4026338814844225E-6
maxError: 0.006651636055753002
percentOfTop: 0.975452196382429
euclideanDistance: 0.031216167868347
inversionPercent: 2.423071635564524