averageError: 3.1798360389353537E-4
maxError: 0.203730327198127
percentOfTop: 0.9361003284562556
euclideanDistance: 0.08137636768126974
inversionPercent: 2.20115938331984