averageError: 6.400453575419178E-5
maxError: 0.0038474944851440394
percentOfTop: 0.6212121212121212
euclideanDistance: 0.3148517594684255
inversionPercent: 13.330492383611896