averageError: 1.1404825592447552E-5
maxError: 0.009242812204755174
percentOfTop: 0.9547803617571059
euclideanDistance: 0.06918342916562283
inversionPercent: 5.4015862839518025