averageError: 1.2043372406902772E-5
maxError: 0.0015553012640675996
percentOfTop: 0.9242424242424242
euclideanDistance: 0.07199760883810916
inversionPercent: 2.7986085548503477