averageError: 2.3603742484145052E-4
maxError: 0.21773626547982206
percentOfTop: 0.9558077037921767
euclideanDistance: 0.07114237460661664
inversionPercent: 1.853498404974983