averageError: 1.1092039448332364E-5
maxError: 0.00109524336490718
percentOfTop: 0.9393939393939394
euclideanDistance: 0.05782049921705155
inversionPercent: 2.846980606884809