averageError: 1.0381117885814508E-5
maxError: 5.45741202304815E-4
percentOfTop: 0.9202127659574468
euclideanDistance: 0.11593508005888004
inversionPercent: 1.274559708127962