averageError: 8.994651347268375E-6
maxError: 0.0017175607939297383
percentOfTop: 0.9148936170212766
euclideanDistance: 0.14063682433043959
inversionPercent: 1.306838918719153