averageError: 2.190281101565812E-5
maxError: 0.0034295613153313698
percentOfTop: 0.9198966408268734
euclideanDistance: 0.07151265044631454
inversionPercent: 1.367923571741485