averageError: 2.3632616991977183E-5
maxError: 0.0064531417633000975
percentOfTop: 0.7074468085106383
euclideanDistance: 0.3727306635966031
inversionPercent: 7.636700677470085