averageError: 3.070807747078128E-5
maxError: 0.0474824939142065
percentOfTop: 0.8527131782945736
euclideanDistance: 0.26413284087430833
inversionPercent: 7.3025574513903955