averageError: 1.4943650584323758E-5
maxError: 0.026533674049942925
percentOfTop: 0.9315245478036176
euclideanDistance: 0.1414611967521678
inversionPercent: 2.762984282857053