averageError: 1.1785225867209008E-5
maxError: 0.001029789125811318
percentOfTop: 0.9242424242424242
euclideanDistance: 0.060878171414164156
inversionPercent: 2.8920386804237506