averageError: 3.960086070932409E-6
maxError: 4.8635182364172936E-4
percentOfTop: 0.9308510638297872
euclideanDistance: 0.059555383136296394
inversionPercent: 0.7160529110017705