averageError: 3.431868018478007E-5
maxError: 0.06027464953896694
percentOfTop: 0.8669250645994832
euclideanDistance: 0.3145799885761002
inversionPercent: 7.220457353287503