averageError: 2.9002374715591453E-5
maxError: 0.060299381711372474
percentOfTop: 0.8617571059431525
euclideanDistance: 0.3117803036388623
inversionPercent: 4.624259885413436