averageError: 2.6957081696504416E-5
maxError: 0.0030029552114684173
percentOfTop: 0.8636363636363636
euclideanDistance: 0.11772172532609004
inversionPercent: 6.539877367058897