averageError: 3.1806804203940537E-6
maxError: 7.885319334485826E-4
percentOfTop: 0.9787234042553191
euclideanDistance: 0.04765618435339471
inversionPercent: 0.6652970577917574