averageError: 2.9078179609283838E-5
maxError: 0.042995336028387426
percentOfTop: 0.8565891472868217
euclideanDistance: 0.24928659951009907
inversionPercent: 6.719454046781419