averageError: 9.16641174805317E-6
maxError: 0.00978621921023344
percentOfTop: 0.9547803617571059
euclideanDistance: 0.06593365802839773
inversionPercent: 2.180948236971897