averageError: 1.734645925320188E-5
maxError: 0.015728343975369735
percentOfTop: 0.909433962264151
euclideanDistance: 0.22012028352308954
inversionPercent: 7.770075338228046