averageError: 1.5284049257979207E-5
maxError: 0.010403745117968849
percentOfTop: 0.937984496124031
euclideanDistance: 0.10033091919519542
inversionPercent: 5.887330885736097