averageError: 3.776960144528373E-5
maxError: 0.1470181689926347
percentOfTop: 0.8281653746770026
euclideanDistance: 0.3811971090592488
inversionPercent: 5.934818189354023