averageError: 5.828050486686613E-6
maxError: 0.009950158685596958
percentOfTop: 0.9773584905660377
euclideanDistance: 0.11751123663045625
inversionPercent: 14.565319703983091