averageError: 1.1339483975748734E-5
maxError: 0.0010768683562464298
percentOfTop: 0.9696969696969697
euclideanDistance: 0.0530738782470181
inversionPercent: 2.828739839774694