averageError: 1.8329138452503795E-5
maxError: 0.0014208068674704645
percentOfTop: 0.7446808510638298
euclideanDistance: 0.2378141242480411
inversionPercent: 1.7942373467066697