averageError: 3.541732001510857E-5
maxError: 0.009260852577620004
percentOfTop: 0.8333333333333334
euclideanDistance: 0.24782399374405834
inversionPercent: 8.171919206870525