averageError: 3.428031562340905E-5
maxError: 0.0710690187774834
percentOfTop: 0.8449612403100775
euclideanDistance: 0.3046311318546634
inversionPercent: 9.334300448520592