averageError: 4.251049344140072E-6
maxError: 0.006307711415726419
percentOfTop: 0.9735849056603774
euclideanDistance: 0.08257778668117964
inversionPercent: 6.151767197891451