averageError: 1.699480205603413E-5
maxError: 0.0010506421328922732
percentOfTop: 0.9090909090909091
euclideanDistance: 0.07640994437063417
inversionPercent: 3.8832653852030212