averageError: 4.865690984144552E-5
maxError: 9.821304012314347E-4
percentOfTop: 0.8636363636363636
euclideanDistance: 0.14140235986892502
inversionPercent: 14.318807786053622