averageError: 8.952848921742386E-5
maxError: 0.001977114730983276
percentOfTop: 0.7878787878787878
euclideanDistance: 0.2578450378166687
inversionPercent: 21.35798044669375