averageError: 1.0864463994676971E-4
maxError: 0.003368515142828649
percentOfTop: 0.6666666666666666
euclideanDistance: 0.3264170992445201
inversionPercent: 23.677811678173253