averageError: 9.388758186956881E-5
maxError: 0.113949568308438
percentOfTop: 0.8837209302325582
euclideanDistance: 0.10133388013348824
inversionPercent: 16.09866904932272