averageError: 5.7431765677421895E-6
maxError: 0.0015406138455550597
percentOfTop: 0.9547169811320755
euclideanDistance: 0.02787446174492736
inversionPercent: 19.35923848673522