averageError: 5.628179309162146E-6
maxError: 0.0014561802876850022
percentOfTop: 0.9509433962264151
euclideanDistance: 0.02606248501390526
inversionPercent: 19.254758691032798