averageError: 1.0859682159138866E-4
maxError: 0.002740211366069816
percentOfTop: 0.6515151515151515
euclideanDistance: 0.3227394734530431
inversionPercent: 23.854382859214557