averageError: 0.003944230863582653
maxError: 3.897263185284593
percentOfTop: 0.6121230217975515
euclideanDistance: 0.4056179151208545
inversionPercent: 41.03626666281715