averageError: 3.307084915737698E-5
maxError: 0.001276130201168831
percentOfTop: 0.7978723404255319
euclideanDistance: 0.2896797257574687
inversionPercent: 20.97314336304728