averageError: 5.912829311032366E-5
maxError: 0.001486210305550872
percentOfTop: 0.8333333333333334
euclideanDistance: 0.16334800495227147
inversionPercent: 16.510842564684253