averageError: 0.003944177196529738
maxError: 3.896407028327571
percentOfTop: 0.9113168109883547
euclideanDistance: 0.09210496450382065
inversionPercent: 19.335092778551658