averageError: 1.401423326115727E-5
maxError: 3.546969255805686E-4
percentOfTop: 0.9696969696969697
euclideanDistance: 0.03131406760588654
inversionPercent: 3.2577750864816477