averageError: 9.773906127586738E-5
maxError: 0.10994980916709912
percentOfTop: 0.772609819121447
euclideanDistance: 0.19922503315164403
inversionPercent: 19.51171944372009