averageError: 1.3092573002424764E-5
maxError: 0.0028500699389641497
percentOfTop: 0.879245283018868
euclideanDistance: 0.06630366790701557
inversionPercent: 23.856048619833537