averageError: 6.977335132898272E-5
maxError: 0.0011148178831505273
percentOfTop: 0.7424242424242424
euclideanDistance: 0.19301147608759278
inversionPercent: 18.540742333960072