averageError: 2.664137022203574E-5
maxError: 4.899107136865986E-4
percentOfTop: 0.9393939393939394
euclideanDistance: 0.07366721205899412
inversionPercent: 8.307412791336779