averageError: 4.7786442359827465E-5
maxError: 0.0012256827166271592
percentOfTop: 0.8484848484848485
euclideanDistance: 0.13800466617324897
inversionPercent: 14.04699675095882