averageError: 1.0924603638121659E-4
maxError: 0.002692214107084594
percentOfTop: 0.7272727272727273
euclideanDistance: 0.3036612751651053
inversionPercent: 23.969626924242405