averageError: 2.939540292143637E-6
maxError: 7.210039997367357E-4
percentOfTop: 0.9773584905660377
euclideanDistance: 0.013964377793215547
inversionPercent: 15.26727489967708