averageError: 0.003944173619623979
maxError: 3.8965429751365077
percentOfTop: 0.7175276201851299
euclideanDistance: 0.2908279127713514
inversionPercent: 37.06522061478348