averageError: 0.00394415929304323
maxError: 3.896269047493869
percentOfTop: 0.9184831292923261
euclideanDistance: 0.09247119874096114
inversionPercent: 19.329743632738097