averageError: 9.378103251338409E-5
maxError: 0.11624401984022936
percentOfTop: 0.8811369509043928
euclideanDistance: 0.1058602174565564
inversionPercent: 16.11253050935529