averageError: 1.0278812649064473E-5
maxError: 0.0026406611447526394
percentOfTop: 0.9169811320754717
euclideanDistance: 0.04717614515816758
inversionPercent: 22.97851695211786