averageError: 0.003944183100252839
maxError: 3.897102070414023
percentOfTop: 0.8169602866527321
euclideanDistance: 0.19082541095259156
inversionPercent: 30.957329488972157