averageError: 1.868522722932592E-6
maxError: 8.716123051076986E-5
percentOfTop: 0.9840425531914894
euclideanDistance: 0.01668194542374516
inversionPercent: 2.48068721736109