averageError: 0.003944243700647156
maxError: 3.8958883126886628
percentOfTop: 0.7232009555091072
euclideanDistance: 0.28347995205406046
inversionPercent: 36.93368704701197