averageError: 1.2911591642071003E-4
maxError: 0.009557523873399358
percentOfTop: 0.2127659574468085
euclideanDistance: 1.0673687058867347
inversionPercent: 38.71802511508866