averageError: 1.4052962232212633E-5
maxError: 1.3715686334799145E-4
percentOfTop: 0.9696969696969697
euclideanDistance: 0.032933702158095456
inversionPercent: 3.2343226716257854