averageError: 7.86074885190131E-6
maxError: 0.001073392000337868
percentOfTop: 0.9169811320754717
euclideanDistance: 0.03371610343945658
inversionPercent: 21.658124139542757