averageError: 1.2195108553199574E-4
maxError: 0.007903019363299263
percentOfTop: 0.21808510638297873
euclideanDistance: 1.019213886097767
inversionPercent: 38.32207224733357