averageError: 8.79239364475315E-5
maxError: 0.0016182968038050871
percentOfTop: 0.7878787878787878
euclideanDistance: 0.24595660306954154
inversionPercent: 21.27731561817432