averageError: 3.318424405559662E-5
maxError: 0.0012448351677559902
percentOfTop: 0.7340425531914894
euclideanDistance: 0.2869203521131975
inversionPercent: 21.186873727208607