averageError: 4.704390096760608E-5
maxError: 9.434479741837996E-4
percentOfTop: 0.8939393939393939
euclideanDistance: 0.13389565672351925
inversionPercent: 14.235972209050392