averageError: 1.9610937599189623E-5
maxError: 0.0013851392914514885
percentOfTop: 0.8723404255319149
euclideanDistance: 0.17157805389940745
inversionPercent: 14.819604046451142