averageError: 1.307987021831983E-5
maxError: 0.0049169573040275215
percentOfTop: 0.8377358490566038
euclideanDistance: 0.06734177042259164
inversionPercent: 23.87655342426938