averageError: 1.2924847760210827E-4
maxError: 0.009352847938682686
percentOfTop: 0.2074468085106383
euclideanDistance: 1.0744764858966591
inversionPercent: 38.24962494169326