averageError: 9.853318320355729E-5
maxError: 0.11612036720650962
percentOfTop: 0.7622739018087855
euclideanDistance: 0.21614207843107855
inversionPercent: 19.676197859018362