averageError: 5.742936951254821E-6
maxError: 0.0026177249786459647
percentOfTop: 0.9547169811320755
euclideanDistance: 0.029707084507208777
inversionPercent: 19.405633749163485