averageError: 9.30113658673736E-5
maxError: 0.1132717856777449
percentOfTop: 0.9870801033591732
euclideanDistance: 0.010129171681045442
inversionPercent: 6.263701396327653