averageError: 1.0785291201241003E-5
maxError: 0.0025869319041076644
percentOfTop: 0.9169811320754717
euclideanDistance: 0.05414796834368978
inversionPercent: 22.959999594806185