averageError: 5.953257118257261E-7
maxError: 1.7820686376760625E-4
percentOfTop: 0.9962264150943396
euclideanDistance: 0.002817796320261665
inversionPercent: 5.107349038731178