averageError: 0.003944100547203012
maxError: 3.8970721581152046
percentOfTop: 0.8115855479247537
euclideanDistance: 0.1930237272906106
inversionPercent: 30.898518970753226