averageError: 9.74187636995093E-6
maxError: 3.538094883190719E-4
percentOfTop: 0.9414893617021277
euclideanDistance: 0.08420393706799138
inversionPercent: 8.282074882297039