averageError: 9.301564535235037E-5
maxError: 0.11381090501565806
percentOfTop: 0.9909560723514211
euclideanDistance: 0.010129728259496021
inversionPercent: 6.192465979369371