averageError: 0.00394423288986544
maxError: 3.895223956138769
percentOfTop: 0.6166019707375336
euclideanDistance: 0.3890608594120405
inversionPercent: 40.50915537957899