averageError: 0.003944168222620857
maxError: 3.896354978206201
percentOfTop: 0.9823828008360704
euclideanDistance: 0.017629464447301114
inversionPercent: 4.96557330507107