averageError: 0.003944161752848831
maxError: 3.8966516410099596
percentOfTop: 0.906240668856375
euclideanDistance: 0.09272389850660057
inversionPercent: 19.43702856565069