averageError: 9.515152063949897E-5
maxError: 0.11340422620465433
percentOfTop: 0.8410852713178295
euclideanDistance: 0.15775767042369127
inversionPercent: 18.329669786655117