averageError: 9.321964363795365E-5
maxError: 0.11363640861453173
percentOfTop: 0.9496124031007752
euclideanDistance: 0.049039681506635284
inversionPercent: 11.765328381476856