averageError: 8.144929454321574E-6
maxError: 0.002435475478872587
percentOfTop: 0.939622641509434
euclideanDistance: 0.03896748834466379
inversionPercent: 21.657725794074654