averageError: 9.579208058945853E-6
maxError: 3.0953169640817856E-4
percentOfTop: 0.9202127659574468
euclideanDistance: 0.08413063799552689
inversionPercent: 8.351097938715485