averageError: 5.745708223478571E-7
maxError: 8.8574880955955E-5
percentOfTop: 0.9924528301886792
euclideanDistance: 0.0024340310594374703
inversionPercent: 5.10738584859177