averageError: 1.0618308439855593E-4
maxError: 0.0073045037958322226
percentOfTop: 0.3191489361702128
euclideanDistance: 0.9019494444330803
inversionPercent: 36.71892991604499