averageError: 0.003944242238963519
maxError: 3.898427369920035
percentOfTop: 0.48074051955807706
euclideanDistance: 0.5906217138595699
inversionPercent: 43.92328014408322