averageError: 1.3189441332004631E-5
maxError: 0.003103436014541803
percentOfTop: 0.8754716981132076
euclideanDistance: 0.06388590195293004
inversionPercent: 23.94187095247583