averageError: 9.257185195901113E-5
maxError: 0.0023487480943534655
percentOfTop: 0.7575757575757576
euclideanDistance: 0.26314483203668637
inversionPercent: 21.806390433599372