averageError: 0.003944167501972557
maxError: 3.8964189792322155
percentOfTop: 0.9838757838160644
euclideanDistance: 0.017860441125276464
inversionPercent: 4.976559358824687