averageError: 4.1851156175134426E-5
maxError: 0.002968726293452042
percentOfTop: 0.7553191489361702
euclideanDistance: 0.3561846407533115
inversionPercent: 24.4836770812996