averageError: 2.020407740333243E-5
maxError: 7.049007786480604E-4
percentOfTop: 0.8351063829787234
euclideanDistance: 0.17434923686047307
inversionPercent: 15.041682472531113