averageError: 2.6272338176259896E-5
maxError: 6.798473282203822E-4
percentOfTop: 0.9393939393939394
euclideanDistance: 0.07050414790675431
inversionPercent: 8.140163331929521