averageError: 2.9280905922656733E-6
maxError: 8.791957166416065E-4
percentOfTop: 0.969811320754717
euclideanDistance: 0.01323539969035915
inversionPercent: 15.16700997568623