averageError: 0.0039442325472292105
maxError: 3.896485036361633
percentOfTop: 0.5291131681098835
euclideanDistance: 0.496374202894183
inversionPercent: 42.97287972465467