averageError: 7.059002661631363E-5
maxError: 0.0022954944167229777
percentOfTop: 0.7727272727272727
euclideanDistance: 0.2047353608171725
inversionPercent: 18.23905457932815