averageError: 5.950114721314142E-7
maxError: 2.3524650919586748E-4
percentOfTop: 0.9962264150943396
euclideanDistance: 0.002860729682104731
inversionPercent: 5.129316250419194