averageError: 1.8585490372836383E-6
maxError: 5.774758069397416E-5
percentOfTop: 0.9946808510638298
euclideanDistance: 0.01601812243656431
inversionPercent: 2.505510611977076