averageError: 0.003944021042782989
maxError: 3.8948531753928215
percentOfTop: 0.5216482532099134
euclideanDistance: 0.4815836442593124
inversionPercent: 42.901324248643085