averageError: 1.8902058863878893E-6
maxError: 8.331794946654994E-5
percentOfTop: 0.9893617021276596
euclideanDistance: 0.01692112684880898
inversionPercent: 2.5844352145044955