averageError: 9.32780938112993E-5
maxError: 0.11313520950706621
percentOfTop: 0.9509043927648578
euclideanDistance: 0.051291164252086296
inversionPercent: 11.772251642187776