averageError: 2.9033408620504467E-6
maxError: 8.981067440398949E-4
percentOfTop: 0.9773584905660377
euclideanDistance: 0.013149217749637952
inversionPercent: 15.360027473281997