averageError: 0.003944117934831605
maxError: 3.894669144598689
percentOfTop: 0.7432069274410271
euclideanDistance: 0.2786119100694555
inversionPercent: 36.49429663369309