averageError: 9.316004385039513E-5
maxError: 0.11332650033900052
percentOfTop: 0.9470284237726099
euclideanDistance: 0.050557342231412325
inversionPercent: 11.743075432578387