averageError: 1.4074744132269212E-5
maxError: 1.5427093412339124E-4
percentOfTop: 0.9696969696969697
euclideanDistance: 0.03311317127625767
inversionPercent: 3.2592747080354862