averageError: 9.536678579858973E-5
maxError: 0.11440204407886007
percentOfTop: 0.8281653746770026
euclideanDistance: 0.157526124765024
inversionPercent: 18.394538782123977