averageError: 9.386132363403999E-5
maxError: 0.11308093956827958
percentOfTop: 0.8875968992248062
euclideanDistance: 0.10260964793256656
inversionPercent: 16.000920572670005