averageError: 2.124132982229324E-5
maxError: 0.0011832610264799629
percentOfTop: 0.8457446808510638
euclideanDistance: 0.19386124299495572
inversionPercent: 15.23328150474168