averageError: 9.530897406480957E-5
maxError: 0.11321794172974606
percentOfTop: 0.851421188630491
euclideanDistance: 0.15890995426883348
inversionPercent: 18.328670236524527