averageError: 0.003944149476341618
maxError: 3.8964312930321983
percentOfTop: 0.829501343684682
euclideanDistance: 0.18802042560271098
inversionPercent: 30.689522377660342