averageError: 6.99178319195669E-5
maxError: 0.00370854043303655
percentOfTop: 0.5478723404255319
euclideanDistance: 0.5944530919506392
inversionPercent: 31.65800138066546