averageError: 9.422293636603182E-6
maxError: 5.294807908887682E-4
percentOfTop: 0.9361702127659575
euclideanDistance: 0.08237584934885302
inversionPercent: 8.232602342113816