averageError: 9.414426851838786E-5
maxError: 0.004692754884169366
percentOfTop: 0.4095744680851064
euclideanDistance: 0.8087583529056784
inversionPercent: 35.38172398557908