averageError: 1.0072449600143691E-4
maxError: 0.11156522329086414
percentOfTop: 0.7080103359173127
euclideanDistance: 0.2617056795554761
inversionPercent: 20.245429176126727