averageError: 1.0528096441962407E-5
maxError: 0.0028628589973696793
percentOfTop: 0.9056603773584906
euclideanDistance: 0.04942257379528964
inversionPercent: 22.86877049287333