averageError: 0.003944166586633137
maxError: 3.8965272706510294
percentOfTop: 0.9832785906240669
euclideanDistance: 0.017957344551475574
inversionPercent: 4.992650408802516