averageError: 1.0257598634849176E-4
maxError: 0.12057311603870509
percentOfTop: 0.689922480620155
euclideanDistance: 0.3233917114656273
inversionPercent: 20.463480858319233