averageError: 1.0133518758308588E-4
maxError: 0.11344181699854763
percentOfTop: 0.7028423772609819
euclideanDistance: 0.2777113137524727
inversionPercent: 20.260512193428795