averageError: 9.301211994661432E-5
maxError: 0.11334469481619155
percentOfTop: 0.9909560723514211
euclideanDistance: 0.010079760426677258
inversionPercent: 6.173073523778184