averageError: 0.0039440969962243845
maxError: 3.8970164814795023
percentOfTop: 0.6198865332935205
euclideanDistance: 0.4019724800755433
inversionPercent: 40.998309688269