averageError: 9.832332564868884E-5
maxError: 0.117919014839868
percentOfTop: 0.7648578811369509
euclideanDistance: 0.22788424788209516
inversionPercent: 19.6625380201011