averageError: 8.021674234945439E-6
maxError: 0.0027970011981436615
percentOfTop: 0.9207547169811321
euclideanDistance: 0.03867560847234188
inversionPercent: 21.552366271238878